149
Q05FT9        0.00000000000 0.61085000000 0.83066000000 0.73736000000 0.72639000000 0.71758000000 0.78423000000 0.55814000000 0.84233000000 0.89676000000 0.73241000000 0.73826000000 0.68427000000 0.80449000000 0.91202000000 0.53226000000 0.76212000000 0.87357000000 0.71621000000 0.95212000000 0.81837000000 0.74102000000 0.81925000000 0.89721000000 0.94642000000 0.91768000000 0.81840000000 0.90319000000 0.95720000000 0.89861000000 0.90569000000 0.89737000000 0.90024000000 0.86835000000 0.67002000000 0.91247000000 0.77858000000 0.79355000000 0.71281000000 0.82508000000 0.74884000000 0.77315000000 0.88941000000 0.69553000000 0.79785000000 0.77344000000 0.77516000000 0.76186000000 0.75867000000 0.76873000000 0.82234000000 0.85736000000 0.89034000000 0.80802000000 0.75338000000 0.88034000000 0.79644000000 0.81181000000 0.74673000000 0.77545000000 0.70543000000 0.79032000000 0.68103000000 0.90754000000 0.68103000000 0.72992000000 0.64932000000 0.64304000000 0.79267000000 0.80432000000 0.71351000000 0.76442000000 0.84261000000 0.78002000000 0.86944000000 0.78123000000 0.61482000000 0.85737000000 0.79631000000 0.82223000000 0.91970000000 0.81988000000 0.86646000000 0.84097000000 0.87839000000 0.95831000000 0.88258000000 0.89042000000 0.95451000000 0.90197000000 0.88350000000 0.82517000000 0.86144000000 0.87720000000 0.81724000000 0.69952000000 0.77138000000 0.81258000000 0.91213000000 0.82484000000 0.77343000000 0.77929000000 0.88147000000 0.87151000000 0.90353000000 0.82377000000 0.88124000000 0.72725000000 0.76245000000 0.77525000000 0.91308000000 0.90500000000 0.95213000000 0.81686000000 0.92287000000 0.66152000000 0.86470000000 0.88951000000 0.71228000000 0.85289000000 0.88595000000 0.88041000000 0.76962000000 0.82234000000 0.85684000000 0.72690000000 0.84282000000 0.84499000000 0.94209000000 0.85959000000 0.73173000000 0.79552000000 0.85792000000 0.85356000000 0.56930000000 0.72846000000 0.71062000000 0.86785000000 0.88374000000 0.80290000000 0.86258000000 0.87250000000 0.90943000000 0.82096000000 0.63069000000 0.79146000000 0.73178000000 0.77814000000 0.69441000000
Q05FH9        0.61085000000 0.00000000000 0.82212000000 0.75665000000 0.71168000000 0.74780000000 0.81515000000 0.55360000000 0.83174000000 0.90596000000 0.73915000000 0.74541000000 0.69292000000 0.79637000000 0.88849000000 0.46787000000 0.76723000000 0.88271000000 0.53088000000 0.91929000000 0.82491000000 0.73621000000 0.81920000000 0.89245000000 0.90136000000 0.90098000000 0.83199000000 0.91105000000 0.93532000000 0.90578000000 0.88218000000 0.89968000000 0.88736000000 0.86941000000 0.58976000000 0.89267000000 0.80462000000 0.79037000000 0.77219000000 0.81149000000 0.75872000000 0.77914000000 0.88446000000 0.69402000000 0.82985000000 0.77331000000 0.75129000000 0.80163000000 0.71536000000 0.77754000000 0.84666000000 0.86585000000 0.87160000000 0.80784000000 0.76278000000 0.90278000000 0.82615000000 0.83598000000 0.75393000000 0.77950000000 0.70595000000 0.84391000000 0.68167000000 0.90011000000 0.69363000000 0.72346000000 0.63085000000 0.55614000000 0.81868000000 0.85266000000 0.74116000000 0.77541000000 0.80187000000 0.76195000000 0.84414000000 0.80090000000 0.58789000000 0.86658000000 0.79245000000 0.84654000000 0.89317000000 0.80421000000 0.88001000000 0.84664000000 0.88114000000 0.94229000000 0.87384000000 0.84172000000 0.92614000000 0.88603000000 0.89957000000 0.81618000000 0.85784000000 0.87144000000 0.85914000000 0.73364000000 0.77222000000 0.85635000000 0.84890000000 0.82877000000 0.79777000000 0.75908000000 0.87165000000 0.89037000000 0.89957000000 0.81001000000 0.89798000000 0.77206000000 0.78976000000 0.76800000000 0.91939000000 0.91074000000 0.92422000000 0.82703000000 0.92113000000 0.67072000000 0.84927000000 0.86594000000 0.76369000000 0.85609000000 0.90346000000 0.84030000000 0.82225000000 0.87382000000 0.85191000000 0.74339000000 0.84553000000 0.83367000000 0.90091000000 0.84248000000 0.76991000000 0.76325000000 0.86083000000 0.82088000000 0.51789000000 0.73636000000 0.74128000000 0.88011000000 0.87588000000 0.80544000000 0.84774000000 0.84969000000 0.88289000000 0.82502000000 0.66930000000 0.82005000000 0.75683000000 0.75290000000 0.69954000000
Q05FK5        0.83066000000 0.82212000000 0.00000000000 0.79683000000 0.84089000000 0.82963000000 0.87642000000 0.81593000000 0.87124000000 0.91588000000 0.82778000000 0.82376000000 0.80552000000 0.82011000000 0.90004000000 0.83749000000 0.85452000000 0.89218000000 0.82695000000 0.94738000000 0.88154000000 0.81892000000 0.86568000000 0.88441000000 0.93474000000 0.92294000000 0.86011000000 0.92438000000 0.95635000000 0.93245000000 0.87889000000 0.92644000000 0.89572000000 0.90824000000 0.82608000000 0.89674000000 0.87720000000 0.85929000000 0.82872000000 0.83675000000 0.83672000000 0.87279000000 0.89558000000 0.84489000000 0.86869000000 0.81317000000 0.87565000000 0.83893000000 0.82146000000 0.83158000000 0.87398000000 0.88587000000 0.89711000000 0.84639000000 0.82062000000 0.90996000000 0.85309000000 0.85523000000 0.85007000000 0.86883000000 0.79275000000 0.84543000000 0.80745000000 0.90945000000 0.81603000000 0.82838000000 0.81473000000 0.80987000000 0.87822000000 0.87149000000 0.86333000000 0.82318000000 0.86248000000 0.85661000000 0.86189000000 0.87545000000 0.81769000000 0.90875000000 0.84409000000 0.85719000000 0.90968000000 0.85842000000 0.87243000000 0.86323000000 0.89965000000 0.94873000000 0.88842000000 0.86432000000 0.91368000000 0.84864000000 0.90113000000 0.82949000000 0.90257000000 0.90639000000 0.88450000000 0.82842000000 0.83943000000 0.89414000000 0.84984000000 0.87819000000 0.87439000000 0.85850000000 0.87323000000 0.89646000000 0.93041000000 0.83662000000 0.88229000000 0.84870000000 0.86381000000 0.83939000000 0.92469000000 0.93207000000 0.94594000000 0.89469000000 0.92565000000 0.83790000000 0.87518000000 0.86912000000 0.85523000000 0.87751000000 0.92189000000 0.87718000000 0.87813000000 0.84796000000 0.91058000000 0.84176000000 0.85000000000 0.84784000000 0.91235000000 0.90333000000 0.81299000000 0.86338000000 0.89431000000 0.87268000000 0.82542000000 0.85247000000 0.84935000000 0.90613000000 0.90129000000 0.83243000000 0.88104000000 0.87397000000 0.91109000000 0.84473000000 0.80006000000 0.88240000000 0.83126000000 0.87292000000 0.84932000000
Q05FL5        0.73736000000 0.75665000000 0.79683000000 0.00000000000 0.78669000000 0.71643000000 0.76121000000 0.68779000000 0.84308000000 0.90008000000 0.76788000000 0.74342000000 0.74419000000 0.80376000000 0.91965000000 0.69101000000 0.75659000000 0.87994000000 0.78624000000 0.96300000000 0.83865000000 0.80504000000 0.85793000000 0.90734000000 0.95290000000 0.92726000000 0.84815000000 0.92532000000 0.95884000000 0.92338000000 0.91379000000 0.88764000000 0.89949000000 0.87821000000 0.72411000000 0.90584000000 0.80593000000 0.77872000000 0.80173000000 0.83211000000 0.75927000000 0.78668000000 0.89076000000 0.78912000000 0.82223000000 0.76174000000 0.80704000000 0.78952000000 0.83159000000 0.80285000000 0.84331000000 0.85715000000 0.89168000000 0.85736000000 0.75440000000 0.90041000000 0.82070000000 0.85513000000 0.74244000000 0.79041000000 0.75301000000 0.80886000000 0.75792000000 0.90011000000 0.56642000000 0.74138000000 0.73673000000 0.71451000000 0.80955000000 0.80566000000 0.79997000000 0.77488000000 0.88111000000 0.77139000000 0.87870000000 0.82754000000 0.71519000000 0.86480000000 0.81445000000 0.86530000000 0.92403000000 0.84672000000 0.88972000000 0.83863000000 0.88877000000 0.96458000000 0.89706000000 0.90966000000 0.95742000000 0.91356000000 0.88296000000 0.86927000000 0.85911000000 0.86837000000 0.83951000000 0.73439000000 0.77739000000 0.79671000000 0.92328000000 0.82944000000 0.80616000000 0.85026000000 0.88457000000 0.87685000000 0.90066000000 0.85130000000 0.90496000000 0.78459000000 0.81616000000 0.83390000000 0.91354000000 0.89680000000 0.95133000000 0.81610000000 0.92062000000 0.75170000000 0.86540000000 0.89357000000 0.80839000000 0.85255000000 0.89729000000 0.92235000000 0.80984000000 0.86216000000 0.82042000000 0.75922000000 0.87406000000 0.84691000000 0.94779000000 0.86744000000 0.78053000000 0.80442000000 0.86165000000 0.85311000000 0.70043000000 0.75590000000 0.76290000000 0.85930000000 0.90057000000 0.80673000000 0.88296000000 0.87631000000 0.90753000000 0.84965000000 0.77193000000 0.81823000000 0.76349000000 0.74358000000 0.72244000000
Q05FN2        0.72639000000 0.71168000000 0.84089000000 0.78669000000 0.00000000000 0.71188000000 0.81233000000 0.69191000000 0.85453000000 0.85833000000 0.76002000000 0.75431000000 0.73959000000 0.81588000000 0.88720000000 0.71766000000 0.82753000000 0.88540000000 0.75334000000 0.94702000000 0.85424000000 0.68410000000 0.82655000000 0.90214000000 0.94459000000 0.90824000000 0.84758000000 0.90759000000 0.95161000000 0.88781000000 0.88689000000 0.91242000000 0.88915000000 0.88771000000 0.73132000000 0.90233000000 0.78288000000 0.75530000000 0.79362000000 0.80943000000 0.76860000000 0.76277000000 0.88619000000 0.70905000000 0.76490000000 0.82765000000 0.79416000000 0.81416000000 0.75085000000 0.75101000000 0.79240000000 0.88461000000 0.88875000000 0.82232000000 0.74175000000 0.88984000000 0.82743000000 0.83983000000 0.74830000000 0.78298000000 0.75761000000 0.82085000000 0.72264000000 0.90386000000 0.74832000000 0.74055000000 0.71926000000 0.68015000000 0.81973000000 0.77169000000 0.75783000000 0.77828000000 0.85077000000 0.84268000000 0.82618000000 0.77193000000 0.77175000000 0.89081000000 0.81430000000 0.84894000000 0.91280000000 0.82189000000 0.88404000000 0.86630000000 0.88433000000 0.94879000000 0.86966000000 0.87817000000 0.93185000000 0.90349000000 0.83283000000 0.83015000000 0.89370000000 0.89252000000 0.80004000000 0.76540000000 0.78508000000 0.79917000000 0.87827000000 0.85410000000 0.81706000000 0.80351000000 0.87613000000 0.88938000000 0.89931000000 0.79395000000 0.89622000000 0.74708000000 0.78722000000 0.78514000000 0.88293000000 0.91011000000 0.94147000000 0.86631000000 0.92317000000 0.80014000000 0.86650000000 0.87230000000 0.75712000000 0.83309000000 0.89247000000 0.86526000000 0.77811000000 0.83924000000 0.84864000000 0.71800000000 0.82827000000 0.84539000000 0.91819000000 0.81447000000 0.75654000000 0.81643000000 0.86954000000 0.81674000000 0.75197000000 0.74383000000 0.77359000000 0.88339000000 0.88343000000 0.86270000000 0.83760000000 0.85701000000 0.90516000000 0.79948000000 0.70187000000 0.80553000000 0.79547000000 0.87002000000 0.81708000000
Q05FN6        0.71758000000 0.74780000000 0.82963000000 0.71643000000 0.71188000000 0.00000000000 0.78817000000 0.62787000000 0.85143000000 0.86997000000 0.72390000000 0.70053000000 0.70642000000 0.78038000000 0.89558000000 0.68579000000 0.81675000000 0.87040000000 0.80077000000 0.94189000000 0.83725000000 0.71609000000 0.79306000000 0.90227000000 0.95321000000 0.91437000000 0.84315000000 0.91420000000 0.95537000000 0.88726000000 0.89568000000 0.90643000000 0.88519000000 0.88466000000 0.72729000000 0.90462000000 0.78123000000 0.77550000000 0.73572000000 0.81186000000 0.72787000000 0.76994000000 0.86803000000 0.72208000000 0.76598000000 0.75454000000 0.73999000000 0.81819000000 0.77307000000 0.76949000000 0.81435000000 0.87917000000 0.89568000000 0.81457000000 0.73015000000 0.91036000000 0.84787000000 0.83825000000 0.71541000000 0.74046000000 0.71852000000 0.79338000000 0.66947000000 0.90109000000 0.68077000000 0.75152000000 0.73103000000 0.71160000000 0.82600000000 0.77865000000 0.76162000000 0.77132000000 0.84710000000 0.80484000000 0.86256000000 0.78955000000 0.74905000000 0.87409000000 0.80541000000 0.84975000000 0.91925000000 0.83549000000 0.89487000000 0.85810000000 0.88199000000 0.95900000000 0.87795000000 0.88047000000 0.94760000000 0.90348000000 0.89222000000 0.82864000000 0.87661000000 0.88140000000 0.77338000000 0.74326000000 0.76825000000 0.79611000000 0.90812000000 0.84438000000 0.83272000000 0.82842000000 0.84125000000 0.86600000000 0.88897000000 0.80364000000 0.88782000000 0.75208000000 0.73485000000 0.80570000000 0.89369000000 0.90034000000 0.95334000000 0.85582000000 0.92052000000 0.74672000000 0.87879000000 0.87338000000 0.78218000000 0.85032000000 0.90726000000 0.87343000000 0.76979000000 0.84935000000 0.82986000000 0.76368000000 0.84194000000 0.84306000000 0.92353000000 0.74382000000 0.76288000000 0.84152000000 0.85519000000 0.85925000000 0.69697000000 0.70308000000 0.73521000000 0.85876000000 0.86933000000 0.83409000000 0.86098000000 0.87509000000 0.88895000000 0.81782000000 0.71934000000 0.78949000000 0.75572000000 0.80054000000 0.73563000000
Q05FQ7        0.78423000000 0.81515000000 0.87642000000 0.76121000000 0.81233000000 0.78817000000 0.00000000000 0.75784000000 0.86501000000 0.87507000000 0.80661000000 0.80688000000 0.80042000000 0.86905000000 0.91956000000 0.80759000000 0.85228000000 0.88414000000 0.84263000000 0.95176000000 0.86291000000 0.80515000000 0.83594000000 0.90075000000 0.94621000000 0.92916000000 0.85485000000 0.91902000000 0.96562000000 0.91649000000 0.92259000000 0.91487000000 0.90379000000 0.89963000000 0.82429000000 0.89637000000 0.81807000000 0.75805000000 0.81806000000 0.83093000000 0.81217000000 0.80563000000 0.90414000000 0.82271000000 0.83665000000 0.83411000000 0.80498000000 0.80674000000 0.83833000000 0.78339000000 0.83482000000 0.90345000000 0.90221000000 0.86082000000 0.77360000000 0.88497000000 0.86209000000 0.86171000000 0.80285000000 0.81956000000 0.78623000000 0.77643000000 0.78287000000 0.91670000000 0.75707000000 0.80640000000 0.76156000000 0.78451000000 0.84719000000 0.82945000000 0.77558000000 0.82802000000 0.86983000000 0.85790000000 0.87384000000 0.80158000000 0.81619000000 0.89851000000 0.81574000000 0.86885000000 0.91265000000 0.85932000000 0.89490000000 0.86578000000 0.91311000000 0.96229000000 0.89195000000 0.92182000000 0.95494000000 0.91385000000 0.88565000000 0.87259000000 0.90345000000 0.89596000000 0.84807000000 0.81044000000 0.83333000000 0.79798000000 0.89862000000 0.88328000000 0.83207000000 0.85556000000 0.90170000000 0.91543000000 0.89556000000 0.86245000000 0.89646000000 0.84306000000 0.82250000000 0.83182000000 0.90773000000 0.90646000000 0.94236000000 0.89382000000 0.92066000000 0.81116000000 0.87549000000 0.89558000000 0.83228000000 0.85492000000 0.91015000000 0.92130000000 0.81954000000 0.87060000000 0.84892000000 0.79084000000 0.87176000000 0.89731000000 0.93658000000 0.83627000000 0.81949000000 0.81200000000 0.88943000000 0.88633000000 0.79562000000 0.82230000000 0.79546000000 0.86555000000 0.89165000000 0.85623000000 0.88734000000 0.88680000000 0.91190000000 0.83221000000 0.82770000000 0.81036000000 0.83463000000 0.86050000000 0.83348000000
Q05FR3        0.55814000000 0.55360000000 0.81593000000 0.68779000000 0.69191000000 0.62787000000 0.75784000000 0.00000000000 0.83327000000 0.85932000000 0.68896000000 0.66102000000 0.62020000000 0.79731000000 0.90883000000 0.49288000000 0.72481000000 0.87377000000 0.57516000000 0.94872000000 0.82466000000 0.63687000000 0.78822000000 0.88955000000 0.93807000000 0.89277000000 0.80293000000 0.89120000000 0.96090000000 0.89587000000 0.88761000000 0.90376000000 0.88794000000 0.86547000000 0.57056000000 0.91011000000 0.64018000000 0.76819000000 0.66824000000 0.79865000000 0.70947000000 0.69514000000 0.87656000000 0.65439000000 0.77899000000 0.74141000000 0.72753000000 0.73922000000 0.74553000000 0.70847000000 0.72580000000 0.85642000000 0.86997000000 0.78653000000 0.70677000000 0.89856000000 0.77331000000 0.82441000000 0.63001000000 0.72272000000 0.59299000000 0.77964000000 0.58587000000 0.90189000000 0.62398000000 0.70474000000 0.53373000000 0.49337000000 0.78065000000 0.72977000000 0.55221000000 0.74022000000 0.83913000000 0.76007000000 0.84411000000 0.73873000000 0.60844000000 0.85721000000 0.77346000000 0.83731000000 0.89606000000 0.81933000000 0.87345000000 0.84685000000 0.85754000000 0.95589000000 0.85038000000 0.88262000000 0.94616000000 0.88580000000 0.87801000000 0.81425000000 0.86211000000 0.86452000000 0.77046000000 0.67095000000 0.74972000000 0.75256000000 0.88602000000 0.82371000000 0.73817000000 0.77947000000 0.88121000000 0.86983000000 0.86299000000 0.78240000000 0.87370000000 0.72493000000 0.70057000000 0.75237000000 0.90829000000 0.89758000000 0.94694000000 0.82038000000 0.91815000000 0.63808000000 0.83694000000 0.86727000000 0.65874000000 0.83967000000 0.86243000000 0.87487000000 0.76094000000 0.78148000000 0.81276000000 0.69652000000 0.83208000000 0.83946000000 0.91704000000 0.82491000000 0.67581000000 0.76008000000 0.83462000000 0.83595000000 0.55665000000 0.65586000000 0.70612000000 0.85715000000 0.87837000000 0.80784000000 0.84376000000 0.83947000000 0.88896000000 0.78383000000 0.56166000000 0.75972000000 0.70913000000 0.73950000000 0.66721000000
Q05FR8        0.84233000000 0.83174000000 0.87124000000 0.84308000000 0.85453000000 0.85143000000 0.86501000000 0.83327000000 0.00000000000 0.87672000000 0.83696000000 0.83295000000 0.86622000000 0.86572000000 0.91725000000 0.85902000000 0.87307000000 0.88963000000 0.85109000000 0.95177000000 0.88164000000 0.83606000000 0.85197000000 0.92553000000 0.94105000000 0.92271000000 0.88483000000 0.91489000000 0.95756000000 0.91079000000 0.91582000000 0.91963000000 0.89065000000 0.90525000000 0.85199000000 0.92851000000 0.87158000000 0.87890000000 0.84332000000 0.87326000000 0.84279000000 0.83963000000 0.88543000000 0.88228000000 0.85177000000 0.86415000000 0.87377000000 0.86653000000 0.88521000000 0.86122000000 0.85742000000 0.87936000000 0.90261000000 0.88077000000 0.84095000000 0.90478000000 0.87803000000 0.86256000000 0.83123000000 0.83039000000 0.86169000000 0.84817000000 0.83771000000 0.92060000000 0.82819000000 0.86500000000 0.82548000000 0.83107000000 0.87182000000 0.85191000000 0.83951000000 0.86290000000 0.90175000000 0.88692000000 0.88646000000 0.86070000000 0.84597000000 0.90659000000 0.87391000000 0.86775000000 0.93186000000 0.88313000000 0.89553000000 0.87120000000 0.90217000000 0.96566000000 0.89648000000 0.88509000000 0.95677000000 0.91459000000 0.90957000000 0.86433000000 0.91238000000 0.91840000000 0.83954000000 0.85709000000 0.84465000000 0.85598000000 0.92159000000 0.90050000000 0.86598000000 0.90215000000 0.90522000000 0.90472000000 0.90630000000 0.88440000000 0.90941000000 0.86379000000 0.88261000000 0.85039000000 0.92637000000 0.91240000000 0.94947000000 0.88383000000 0.93018000000 0.86464000000 0.88695000000 0.89526000000 0.84587000000 0.86265000000 0.89117000000 0.93108000000 0.86854000000 0.87126000000 0.87601000000 0.86107000000 0.86624000000 0.87767000000 0.94179000000 0.88840000000 0.85327000000 0.88768000000 0.89281000000 0.91032000000 0.84543000000 0.86096000000 0.84108000000 0.88075000000 0.88060000000 0.86963000000 0.91062000000 0.89884000000 0.91887000000 0.86615000000 0.83125000000 0.86450000000 0.85739000000 0.88293000000 0.86880000000
Q05FX8        0.89676000000 0.90596000000 0.91588000000 0.90008000000 0.85833000000 0.86997000000 0.87507000000 0.85932000000 0.87672000000 0.00000000000 0.87357000000 0.87901000000 0.88719000000 0.92605000000 0.94281000000 0.90432000000 0.91614000000 0.92580000000 0.90817000000 0.96763000000 0.90956000000 0.89536000000 0.87091000000 0.91992000000 0.96478000000 0.94224000000 0.91395000000 0.93197000000 0.96012000000 0.91714000000 0.91589000000 0.92777000000 0.90056000000 0.93509000000 0.89457000000 0.93739000000 0.87054000000 0.88596000000 0.85907000000 0.90002000000 0.89133000000 0.86566000000 0.90872000000 0.89792000000 0.86881000000 0.91188000000 0.90226000000 0.88321000000 0.90511000000 0.87212000000 0.85641000000 0.92983000000 0.91162000000 0.91157000000 0.85735000000 0.93259000000 0.89999000000 0.91382000000 0.85651000000 0.88907000000 0.87545000000 0.88845000000 0.88864000000 0.93554000000 0.86940000000 0.88214000000 0.84658000000 0.86918000000 0.88141000000 0.86957000000 0.85406000000 0.89983000000 0.92923000000 0.92156000000 0.91430000000 0.87602000000 0.90142000000 0.92131000000 0.89304000000 0.89741000000 0.93041000000 0.91890000000 0.92044000000 0.90499000000 0.91025000000 0.96915000000 0.91679000000 0.91427000000 0.96254000000 0.92576000000 0.92024000000 0.90354000000 0.93261000000 0.92895000000 0.82865000000 0.89641000000 0.90193000000 0.87712000000 0.91680000000 0.91647000000 0.88229000000 0.91990000000 0.92591000000 0.91067000000 0.90454000000 0.90047000000 0.92218000000 0.88482000000 0.89727000000 0.87086000000 0.92331000000 0.92612000000 0.95737000000 0.92159000000 0.94936000000 0.90155000000 0.89611000000 0.91301000000 0.88668000000 0.89424000000 0.88727000000 0.94492000000 0.87739000000 0.87771000000 0.88875000000 0.88695000000 0.91196000000 0.91618000000 0.95321000000 0.90099000000 0.88680000000 0.92017000000 0.90918000000 0.91870000000 0.89465000000 0.87270000000 0.87270000000 0.88195000000 0.91643000000 0.92062000000 0.92270000000 0.92552000000 0.93173000000 0.87950000000 0.87500000000 0.87944000000 0.89618000000 0.92411000000 0.91135000000
Q05FY1        0.73241000000 0.73915000000 0.82778000000 0.76788000000 0.76002000000 0.72390000000 0.80661000000 0.68896000000 0.83696000000 0.87357000000 0.00000000000 -0.12507000000 0.72496000000 0.79423000000 0.91152000000 0.71787000000 0.79678000000 0.88561000000 0.74525000000 0.92039000000 0.84959000000 0.72678000000 0.80556000000 0.89441000000 0.90498000000 0.91249000000 0.83282000000 0.90684000000 0.93104000000 0.90847000000 0.89986000000 0.90057000000 0.88207000000 0.88850000000 0.73332000000 0.90681000000 0.76661000000 0.81295000000 0.72800000000 0.75955000000 0.74273000000 0.76855000000 0.87198000000 0.78228000000 0.66890000000 0.80759000000 0.78819000000 0.82532000000 0.80518000000 0.76500000000 0.81620000000 0.87409000000 0.89920000000 0.81287000000 0.74902000000 0.89339000000 0.81325000000 0.84140000000 0.71115000000 0.73033000000 0.77708000000 0.81445000000 0.72452000000 0.88843000000 0.70865000000 0.79091000000 0.72005000000 0.72374000000 0.82068000000 0.78292000000 0.74981000000 0.78525000000 0.85256000000 0.80437000000 0.85223000000 0.81736000000 0.74012000000 0.88596000000 0.80057000000 0.85706000000 0.89611000000 0.83936000000 0.89044000000 0.83533000000 0.89680000000 0.94814000000 0.88219000000 0.89358000000 0.93096000000 0.88979000000 0.89478000000 0.80725000000 0.87165000000 0.88437000000 0.78072000000 0.73163000000 0.75253000000 0.79964000000 0.90153000000 0.84562000000 0.83777000000 0.83622000000 0.87410000000 0.87765000000 0.88858000000 0.82474000000 0.88326000000 0.74992000000 0.79002000000 0.80564000000 0.89962000000 0.90888000000 0.94463000000 0.85844000000 0.91911000000 0.74569000000 0.84937000000 0.89967000000 0.71426000000 0.85914000000 0.87000000000 0.88644000000 0.78647000000 0.85536000000 0.85855000000 0.78257000000 0.85481000000 0.83338000000 0.92384000000 0.83284000000 0.76193000000 0.83660000000 0.81040000000 0.86538000000 0.72270000000 0.73038000000 0.72887000000 0.84966000000 0.87449000000 0.83242000000 0.88677000000 0.84993000000 0.90178000000 0.81885000000 0.73430000000 0.81287000000 0.75751000000 0.80838000000 0.77620000000
Q05FY3        0.73826000000 0.74541000000 0.82376000000 0.74342000000 0.75431000000 0.70053000000 0.80688000000 0.66102000000 0.83295000000 0.87901000000 -0.12507000000 0.00000000000 0.71837000000 0.80601000000 0.91367000000 0.65831000000 0.78228000000 0.88065000000 0.72956000000 0.91712000000 0.84177000000 0.76496000000 0.82542000000 0.89591000000 0.91909000000 0.88833000000 0.83585000000 0.90951000000 0.92792000000 0.91099000000 0.90577000000 0.89218000000 0.89375000000 0.88170000000 0.71273000000 0.91532000000 0.75773000000 0.80040000000 0.73463000000 0.78071000000 0.72723000000 0.76113000000 0.87819000000 0.75449000000 0.69500000000 0.77412000000 0.79139000000 0.81606000000 0.77136000000 0.75890000000 0.80486000000 0.87684000000 0.89082000000 0.81074000000 0.74019000000 0.89792000000 0.80362000000 0.82637000000 0.67841000000 0.75518000000 0.75284000000 0.81657000000 0.70824000000 0.89333000000 0.69373000000 0.75392000000 0.70202000000 0.72581000000 0.82852000000 0.78034000000 0.74595000000 0.79995000000 0.85446000000 0.76144000000 0.86936000000 0.82634000000 0.69903000000 0.87712000000 0.80282000000 0.83419000000 0.90262000000 0.83897000000 0.88483000000 0.83739000000 0.88751000000 0.94267000000 0.88430000000 0.90637000000 0.92068000000 0.89099000000 0.90004000000 0.79077000000 0.85527000000 0.87635000000 0.78469000000 0.70167000000 0.76042000000 0.81015000000 0.88083000000 0.84059000000 0.83090000000 0.80944000000 0.88453000000 0.87325000000 0.89276000000 0.83306000000 0.89482000000 0.75359000000 0.75759000000 0.79123000000 0.90128000000 0.91792000000 0.93828000000 0.83817000000 0.93078000000 0.71493000000 0.86398000000 0.88652000000 0.74709000000 0.85869000000 0.88671000000 0.87663000000 0.78467000000 0.86844000000 0.86106000000 0.77768000000 0.86363000000 0.80578000000 0.91877000000 0.83414000000 0.74324000000 0.82922000000 0.82471000000 0.86246000000 0.65015000000 0.73103000000 0.72528000000 0.84083000000 0.87266000000 0.81760000000 0.88190000000 0.85273000000 0.90001000000 0.82460000000 0.72116000000 0.79953000000 0.75844000000 0.79645000000 0.73013000000
Q05FY9        0.68427000000 0.69292000000 0.80552000000 0.74419000000 0.73959000000 0.70642000000 0.80042000000 0.62020000000 0.86622000000 0.88719000000 0.72496000000 0.71837000000 0.00000000000 0.79960000000 0.90678000000 0.62351000000 0.74611000000 0.88248000000 0.70436000000 0.94341000000 0.83169000000 0.69439000000 0.76786000000 0.89490000000 0.93037000000 0.91788000000 0.83409000000 0.92279000000 0.94430000000 0.91025000000 0.88640000000 0.88604000000 0.89244000000 0.87917000000 0.72015000000 0.89688000000 0.78830000000 0.78798000000 0.74361000000 0.82649000000 0.72417000000 0.76593000000 0.87639000000 0.74117000000 0.81897000000 0.77651000000 0.80873000000 0.78037000000 0.76352000000 0.77273000000 0.80756000000 0.85989000000 0.87370000000 0.80099000000 0.77056000000 0.90244000000 0.82207000000 0.83812000000 0.75603000000 0.77475000000 0.74979000000 0.81734000000 0.67135000000 0.90094000000 0.69156000000 0.76421000000 0.71710000000 0.68397000000 0.80461000000 0.78736000000 0.74754000000 0.80109000000 0.81133000000 0.74804000000 0.84517000000 0.81591000000 0.65131000000 0.83185000000 0.78748000000 0.82728000000 0.89955000000 0.75334000000 0.87809000000 0.83368000000 0.87929000000 0.95362000000 0.88330000000 0.86583000000 0.94029000000 0.88500000000 0.87270000000 0.79852000000 0.85905000000 0.85023000000 0.81860000000 0.77265000000 0.79348000000 0.84105000000 0.86875000000 0.82556000000 0.77081000000 0.76705000000 0.87535000000 0.86982000000 0.90399000000 0.81616000000 0.88708000000 0.74879000000 0.79949000000 0.71056000000 0.91271000000 0.90695000000 0.94415000000 0.80467000000 0.91065000000 0.66163000000 0.85585000000 0.85562000000 0.71950000000 0.85632000000 0.88275000000 0.85922000000 0.80157000000 0.84287000000 0.84868000000 0.76837000000 0.82820000000 0.82392000000 0.90008000000 0.85445000000 0.77232000000 0.74946000000 0.83122000000 0.84768000000 0.61864000000 0.72581000000 0.76401000000 0.86499000000 0.88457000000 0.77363000000 0.86001000000 0.82744000000 0.89212000000 0.80549000000 0.68968000000 0.80681000000 0.71855000000 0.77016000000 0.68883000000
Q05FG1        0.80449000000 0.79637000000 0.82011000000 0.80376000000 0.81588000000 0.78038000000 0.86905000000 0.79731000000 0.86572000000 0.92605000000 0.79423000000 0.80601000000 0.79960000000 0.00000000000 0.89280000000 0.82324000000 0.83348000000 0.85353000000 0.81223000000 0.94111000000 0.87249000000 0.79510000000 0.85322000000 0.90156000000 0.93406000000 0.92138000000 0.85135000000 0.91589000000 0.94881000000 0.90263000000 0.89600000000 0.91673000000 0.87242000000 0.89630000000 0.76544000000 0.89349000000 0.86067000000 0.84339000000 0.85271000000 0.79747000000 0.80444000000 0.83761000000 0.87861000000 0.83042000000 0.79824000000 0.66455000000 0.85144000000 0.83230000000 0.84248000000 0.82892000000 0.86365000000 0.88602000000 0.89575000000 0.77797000000 0.79335000000 0.90652000000 0.86553000000 0.87196000000 0.82756000000 0.84456000000 0.81118000000 0.87391000000 0.77084000000 0.89133000000 0.79644000000 0.81718000000 0.81217000000 0.78619000000 0.85776000000 0.84157000000 0.84706000000 0.81194000000 0.85532000000 0.85086000000 0.86462000000 0.83427000000 0.78548000000 0.87285000000 0.75292000000 0.87316000000 0.88914000000 0.87265000000 0.89750000000 0.83180000000 0.90207000000 0.95356000000 0.89032000000 0.89206000000 0.93203000000 0.89178000000 0.88406000000 0.86414000000 0.87594000000 0.88478000000 0.85928000000 0.76357000000 0.80674000000 0.87283000000 0.88449000000 0.87378000000 0.86714000000 0.85599000000 0.85271000000 0.87741000000 0.89580000000 0.79875000000 0.89074000000 0.80070000000 0.80673000000 0.84450000000 0.91155000000 0.91862000000 0.92634000000 0.84918000000 0.91905000000 0.84164000000 0.85819000000 0.85476000000 0.85246000000 0.87580000000 0.91347000000 0.89318000000 0.84510000000 0.86089000000 0.88453000000 0.80597000000 0.84178000000 0.83655000000 0.90875000000 0.88120000000 0.83704000000 0.83159000000 0.86869000000 0.86096000000 0.79012000000 0.81458000000 0.82513000000 0.88544000000 0.90738000000 0.82572000000 0.88950000000 0.87684000000 0.92006000000 0.82943000000 0.79718000000 0.86674000000 0.79428000000 0.83639000000 0.82545000000
Q05FG5        0.91202000000 0.88849000000 0.90004000000 0.91965000000 0.88720000000 0.89558000000 0.91956000000 0.90883000000 0.91725000000 0.94281000000 0.91152000000 0.91367000000 0.90678000000 0.89280000000 0.00000000000 0.92238000000 0.93135000000 0.92128000000 0.89139000000 0.93354000000 0.90384000000 0.89269000000 0.90612000000 0.92987000000 0.93599000000 0.92462000000 0.90760000000 0.91604000000 0.94507000000 0.90981000000 0.90663000000 0.93933000000 0.92785000000 0.92977000000 0.89350000000 0.89459000000 0.92717000000 0.87375000000 0.91438000000 0.88522000000 0.91738000000 0.91029000000 0.91584000000 0.88874000000 0.87226000000 0.89334000000 0.88922000000 0.90137000000 0.90724000000 0.91236000000 0.89430000000 0.94129000000 0.91850000000 0.89625000000 0.89895000000 0.94472000000 0.91942000000 0.90947000000 0.88756000000 0.92410000000 0.88470000000 0.91841000000 0.88952000000 0.92827000000 0.91488000000 0.89752000000 0.89951000000 0.87957000000 0.92378000000 0.92624000000 0.91007000000 0.91614000000 0.88576000000 0.93443000000 0.86782000000 0.91852000000 0.91328000000 0.93053000000 0.89943000000 0.89691000000 0.92602000000 0.88088000000 0.93300000000 0.91421000000 0.92443000000 0.95389000000 0.91886000000 0.89317000000 0.93359000000 0.91803000000 0.91329000000 0.86390000000 0.92927000000 0.93312000000 0.92670000000 0.90062000000 0.88359000000 0.91936000000 0.88604000000 0.92992000000 0.91499000000 0.91616000000 0.90909000000 0.90974000000 0.93774000000 0.88314000000 0.91101000000 0.90831000000 0.89577000000 0.90146000000 0.91938000000 0.94228000000 0.94885000000 0.92685000000 0.93273000000 0.92802000000 0.90486000000 0.91864000000 0.91312000000 0.90243000000 0.92689000000 0.90717000000 0.89264000000 0.91779000000 0.93256000000 0.89999000000 0.89234000000 0.88178000000 0.93429000000 0.91514000000 0.89707000000 0.91240000000 0.93037000000 0.93766000000 0.92759000000 0.91556000000 0.88786000000 0.92620000000 0.93142000000 0.90435000000 0.90766000000 0.88561000000 0.92940000000 0.92320000000 0.90651000000 0.92337000000 0.89138000000 0.94231000000 0.93410000000
Q05FH1        0.53226000000 0.46787000000 0.83749000000 0.69101000000 0.71766000000 0.68579000000 0.80759000000 0.49288000000 0.85902000000 0.90432000000 0.71787000000 0.65831000000 0.62351000000 0.82324000000 0.92238000000 0.00000000000 0.66577000000 0.88826000000 0.60689000000 0.96729000000 0.81370000000 0.76148000000 0.83856000000 0.89898000000 0.96347000000 0.92382000000 0.83569000000 0.92570000000 0.97143000000 0.90545000000 0.90643000000 0.88330000000 0.91605000000 0.85379000000 0.58752000000 0.93839000000 0.75831000000 0.79795000000 0.72341000000 0.83084000000 0.71320000000 0.75442000000 0.90262000000 0.67828000000 0.81647000000 0.76592000000 0.78045000000 0.80435000000 0.76832000000 0.79054000000 0.85088000000 0.85134000000 0.87559000000 0.81240000000 0.75926000000 0.91180000000 0.83486000000 0.84098000000 0.74512000000 0.73641000000 0.72072000000 0.83360000000 0.60200000000 0.91945000000 0.58151000000 0.70402000000 0.62009000000 0.49149000000 0.78736000000 0.83640000000 0.70599000000 0.74886000000 0.86073000000 0.70049000000 0.90602000000 0.81885000000 0.45545000000 0.85112000000 0.80835000000 0.87163000000 0.90395000000 0.81492000000 0.90460000000 0.85235000000 0.87110000000 0.96965000000 0.89420000000 0.91526000000 0.96810000000 0.91039000000 0.91355000000 0.81952000000 0.84746000000 0.85728000000 0.84375000000 0.66189000000 0.77479000000 0.86217000000 0.92712000000 0.80769000000 0.77286000000 0.76694000000 0.89359000000 0.87125000000 0.91864000000 0.84808000000 0.88461000000 0.71479000000 0.75045000000 0.84423000000 0.93772000000 0.92985000000 0.96504000000 0.78505000000 0.94559000000 0.53268000000 0.87978000000 0.90209000000 0.69935000000 0.85799000000 0.90925000000 0.90340000000 0.80369000000 0.86372000000 0.86876000000 0.71147000000 0.85498000000 0.84696000000 0.95244000000 0.86921000000 0.75497000000 0.77494000000 0.86392000000 0.90113000000 0.33430000000 0.70704000000 0.68726000000 0.87176000000 0.90421000000 0.77067000000 0.87511000000 0.86020000000 0.90721000000 0.83784000000 0.55837000000 0.80385000000 0.68661000000 0.69931000000 0.60284000000
Q05FH2        0.76212000000 0.76723000000 0.85452000000 0.75659000000 0.82753000000 0.81675000000 0.85228000000 0.72481000000 0.87307000000 0.91614000000 0.79678000000 0.78228000000 0.74611000000 0.83348000000 0.93135000000 0.66577000000 0.00000000000 0.89133000000 0.76912000000 0.97474000000 0.83794000000 0.83653000000 0.87655000000 0.90613000000 0.96658000000 0.92587000000 0.83586000000 0.93156000000 0.97436000000 0.91200000000 0.92322000000 0.89509000000 0.91774000000 0.87566000000 0.71393000000 0.93485000000 0.86503000000 0.86050000000 0.82342000000 0.81837000000 0.77852000000 0.81777000000 0.90262000000 0.81993000000 0.85761000000 0.79761000000 0.85798000000 0.84577000000 0.83145000000 0.85666000000 0.87758000000 0.84893000000 0.87609000000 0.84121000000 0.81588000000 0.92574000000 0.88602000000 0.85759000000 0.82410000000 0.80895000000 0.84752000000 0.84471000000 0.77640000000 0.91373000000 0.71824000000 0.81772000000 0.79497000000 0.76626000000 0.79524000000 0.86228000000 0.84577000000 0.81658000000 0.87287000000 0.72085000000 0.91246000000 0.85443000000 0.66467000000 0.85172000000 0.83785000000 0.88618000000 0.92134000000 0.84173000000 0.90476000000 0.84957000000 0.88237000000 0.97593000000 0.90673000000 0.91490000000 0.97678000000 0.90433000000 0.92059000000 0.85316000000 0.84948000000 0.85834000000 0.88090000000 0.75107000000 0.83400000000 0.88678000000 0.93282000000 0.82446000000 0.79397000000 0.83081000000 0.89765000000 0.86588000000 0.92218000000 0.85329000000 0.91108000000 0.81421000000 0.83352000000 0.88856000000 0.92340000000 0.93270000000 0.96998000000 0.79096000000 0.94757000000 0.72058000000 0.89205000000 0.91089000000 0.81203000000 0.86943000000 0.91207000000 0.91536000000 0.86274000000 0.87763000000 0.88554000000 0.80146000000 0.85954000000 0.86682000000 0.96360000000 0.87595000000 0.82574000000 0.76844000000 0.86393000000 0.90308000000 0.66971000000 0.78739000000 0.78477000000 0.90423000000 0.90209000000 0.78141000000 0.88260000000 0.86256000000 0.90504000000 0.85333000000 0.77250000000 0.85454000000 0.73265000000 0.69934000000 0.68035000000
Q05FH4        0.87357000000 0.88271000000 0.89218000000 0.87994000000 0.88540000000 0.87040000000 0.88414000000 0.87377000000 0.88963000000 0.92580000000 0.88561000000 0.88065000000 0.88248000000 0.85353000000 0.92128000000 0.88826000000 0.89133000000 0.00000000000 0.87881000000 0.93080000000 0.86800000000 0.87432000000 0.89529000000 0.92857000000 0.93609000000 0.92211000000 0.85599000000 0.92093000000 0.94356000000 0.92079000000 0.90665000000 0.92108000000 0.91418000000 0.89372000000 0.88339000000 0.91867000000 0.90395000000 0.90157000000 0.87710000000 0.89515000000 0.87610000000 0.89036000000 0.91703000000 0.89725000000 0.89568000000 0.87387000000 0.90619000000 0.86551000000 0.88887000000 0.89069000000 0.90814000000 0.90370000000 0.90901000000 0.89469000000 0.85438000000 0.90101000000 0.90939000000 0.89283000000 0.88728000000 0.89084000000 0.87605000000 0.89883000000 0.84757000000 0.91226000000 0.87856000000 0.88372000000 0.88529000000 0.87367000000 0.88723000000 0.89719000000 0.89844000000 0.89617000000 0.90682000000 0.89552000000 0.89769000000 0.89302000000 0.87324000000 0.91928000000 0.88350000000 0.87636000000 0.91913000000 0.91092000000 0.92453000000 0.88397000000 0.90502000000 0.95616000000 0.91136000000 0.91238000000 0.94245000000 0.91291000000 0.90788000000 0.90008000000 0.90805000000 0.91776000000 0.90188000000 0.89045000000 0.88646000000 0.91012000000 0.90822000000 0.89691000000 0.90209000000 0.90754000000 0.90251000000 0.90473000000 0.93617000000 0.91566000000 0.91069000000 0.87020000000 0.87705000000 0.89527000000 0.93773000000 0.93054000000 0.93975000000 0.90362000000 0.93399000000 0.89516000000 0.89918000000 0.88969000000 0.89925000000 0.86959000000 0.92478000000 0.93115000000 0.88990000000 0.91744000000 0.90306000000 0.89382000000 0.90272000000 0.88928000000 0.94425000000 0.90180000000 0.89131000000 0.90029000000 0.90083000000 0.90799000000 0.87110000000 0.87477000000 0.87119000000 0.88380000000 0.90459000000 0.88778000000 0.89323000000 0.90492000000 0.91501000000 0.89832000000 0.89545000000 0.91050000000 0.88068000000 0.89632000000 0.87946000000
Q05FH8        0.71621000000 0.53088000000 0.82695000000 0.78624000000 0.75334000000 0.80077000000 0.84263000000 0.57516000000 0.85109000000 0.90817000000 0.74525000000 0.72956000000 0.70436000000 0.81223000000 0.89139000000 0.60689000000 0.76912000000 0.87881000000 0.00000000000 0.93705000000 0.83126000000 0.72862000000 0.83576000000 0.89847000000 0.90455000000 0.90409000000 0.83602000000 0.90715000000 0.93745000000 0.89439000000 0.88638000000 0.89054000000 0.90239000000 0.87942000000 0.68091000000 0.89778000000 0.80731000000 0.83058000000 0.79805000000 0.80996000000 0.77526000000 0.80462000000 0.89164000000 0.71199000000 0.82666000000 0.76860000000 0.73101000000 0.82525000000 0.73394000000 0.81639000000 0.84309000000 0.86431000000 0.85679000000 0.82606000000 0.81120000000 0.90275000000 0.86142000000 0.84513000000 0.78569000000 0.77682000000 0.75966000000 0.85607000000 0.66414000000 0.91634000000 0.71889000000 0.78257000000 0.73380000000 0.61389000000 0.82260000000 0.84301000000 0.79643000000 0.78353000000 0.81858000000 0.76237000000 0.84641000000 0.83905000000 0.67294000000 0.83054000000 0.81324000000 0.82973000000 0.86677000000 0.76619000000 0.89508000000 0.86903000000 0.89074000000 0.94274000000 0.89671000000 0.88429000000 0.91478000000 0.85913000000 0.91224000000 0.82692000000 0.84190000000 0.85453000000 0.85473000000 0.76777000000 0.81061000000 0.85325000000 0.86057000000 0.81378000000 0.80287000000 0.76020000000 0.89081000000 0.87784000000 0.91617000000 0.82286000000 0.90386000000 0.78255000000 0.80453000000 0.82832000000 0.91653000000 0.92128000000 0.92806000000 0.81808000000 0.91807000000 0.67867000000 0.84633000000 0.87597000000 0.75500000000 0.87271000000 0.91872000000 0.83613000000 0.82708000000 0.87319000000 0.87833000000 0.78726000000 0.83984000000 0.81964000000 0.90434000000 0.85717000000 0.79413000000 0.78157000000 0.86707000000 0.81251000000 0.68641000000 0.77615000000 0.79894000000 0.88461000000 0.89060000000 0.79766000000 0.86893000000 0.83297000000 0.89119000000 0.81349000000 0.72355000000 0.84650000000 0.75288000000 0.76453000000 0.72229000000
