33
Q05FI8      0.000000000000  42.850000000000  50.830000000000  53.760000000000  40.190000000000  47.460000000000  28.640000000000  42.830000000000  30.350000000000  42.360000000000  45.010000000000  47.570000000000  53.750000000000  43.960000000000  50.980000000000  37.610000000000  44.660000000000  45.700000000000  47.220000000000  58.590000000000  31.690000000000  36.120000000000  36.290000000000  44.860000000000  37.920000000000  24.000000000000  51.880000000000  44.770000000000  43.540000000000  45.840000000000  23.990000000000  45.320000000000  23.990000000000
Q05FJ5      42.850000000000  0.000000000000  22.960000000000  23.950000000000  23.580000000000  49.330000000000  99.770000000000  25.160000000000  103.900000000000  56.450000000000  23.790000000000  46.950000000000  35.190000000000  23.690000000000  55.730000000000  77.370000000000  38.830000000000  26.570000000000  27.020000000000  47.280000000000  34.150000000000  55.230000000000  77.580000000000  31.440000000000  80.600000000000  81.850000000000  69.910000000000  46.950000000000  57.340000000000  27.870000000000  83.260000000000  23.000000000000  85.030000000000
Q05FK8      50.830000000000  22.960000000000  0.000000000000  44.350000000000  58.540000000000  46.110000000000  17.240000000000  41.290000000000  21.460000000000  55.030000000000  50.900000000000  43.330000000000  39.180000000000  48.100000000000  43.250000000000  23.500000000000  43.930000000000  33.710000000000  50.900000000000  55.800000000000  41.140000000000  30.630000000000  23.660000000000  42.490000000000  20.250000000000  11.820000000000  45.280000000000  40.600000000000  44.600000000000  45.730000000000  0.000000000000  54.780000000000  0.000000000000
Q05FM5      53.760000000000  23.950000000000  44.350000000000  0.000000000000  52.020000000000  54.920000000000  17.930000000000  55.010000000000  20.250000000000  41.770000000000  52.220000000000  42.570000000000  27.700000000000  38.690000000000  42.250000000000  26.260000000000  49.930000000000  40.550000000000  54.720000000000  60.890000000000  28.770000000000  37.850000000000  22.470000000000  50.990000000000  19.920000000000  10.850000000000  43.680000000000  53.990000000000  39.080000000000  46.260000000000  11.820000000000  55.590000000000  10.990000000000
Q05FT8      40.190000000000  23.580000000000  58.540000000000  52.020000000000  0.000000000000  39.470000000000  20.290000000000  61.940000000000  22.660000000000  51.320000000000  73.300000000000  46.420000000000  34.200000000000  44.960000000000  38.140000000000  23.550000000000  50.760000000000  39.890000000000  58.230000000000  53.650000000000  42.910000000000  33.110000000000  22.290000000000  43.770000000000  21.750000000000  16.360000000000  39.050000000000  42.950000000000  36.590000000000  76.970000000000  13.120000000000  67.230000000000  12.570000000000
Q05FW4      47.460000000000  49.330000000000  46.110000000000  54.920000000000  39.470000000000  0.000000000000  47.450000000000  43.420000000000  49.320000000000  46.800000000000  45.750000000000  56.430000000000  39.790000000000  40.450000000000  46.170000000000  46.080000000000  59.200000000000  31.710000000000  45.210000000000  46.270000000000  29.750000000000  37.800000000000  54.700000000000  44.150000000000  47.340000000000  50.840000000000  58.910000000000  52.260000000000  46.270000000000  45.940000000000  46.220000000000  50.870000000000  46.100000000000
Q05FY6      28.640000000000  99.770000000000  17.240000000000  17.930000000000  20.290000000000  47.450000000000  0.000000000000  17.920000000000  169.860000000000  56.750000000000  18.240000000000  44.680000000000  28.090000000000  19.240000000000  76.630000000000  75.270000000000  29.940000000000  22.710000000000  19.170000000000  31.900000000000  27.810000000000  52.310000000000  95.770000000000  34.650000000000  141.340000000000  112.490000000000  76.710000000000  47.040000000000  51.440000000000  23.980000000000  112.690000000000  17.000000000000  143.790000000000
Q05FF9      42.830000000000  25.160000000000  41.290000000000  55.010000000000  61.940000000000  43.420000000000  17.920000000000  0.000000000000  22.280000000000  42.170000000000  105.680000000000  42.900000000000  23.770000000000  43.690000000000  41.860000000000  21.930000000000  45.050000000000  44.000000000000  64.690000000000  51.490000000000  32.970000000000  31.360000000000  22.170000000000  43.400000000000  20.160000000000  16.120000000000  43.580000000000  44.570000000000  38.970000000000  98.310000000000  11.020000000000  46.170000000000  10.580000000000
Q05FH3      30.350000000000  103.900000000000  21.460000000000  20.250000000000  22.660000000000  49.320000000000  169.860000000000  22.280000000000  0.000000000000  64.040000000000  22.560000000000  41.930000000000  25.890000000000  22.200000000000  85.320000000000  74.270000000000  36.520000000000  27.520000000000  22.180000000000  30.090000000000  37.570000000000  61.170000000000  95.900000000000  32.150000000000  120.600000000000  95.940000000000  83.070000000000  47.220000000000  63.910000000000  23.980000000000  95.940000000000  20.930000000000  137.800000000000
Q05FI4      42.360000000000  56.450000000000  55.030000000000  41.770000000000  51.320000000000  46.800000000000  56.750000000000  42.170000000000  64.040000000000  0.000000000000  59.800000000000  52.700000000000  46.160000000000  41.000000000000  86.550000000000  47.840000000000  43.270000000000  49.370000000000  43.840000000000  59.860000000000  42.600000000000  58.440000000000  47.840000000000  59.590000000000  54.460000000000  47.810000000000  96.810000000000  81.120000000000  77.630000000000  43.270000000000  47.850000000000  47.350000000000  47.820000000000
Q05FJ2      45.010000000000  23.790000000000  50.900000000000  52.220000000000  73.300000000000  45.750000000000  18.240000000000  105.680000000000  22.560000000000  59.800000000000  0.000000000000  49.110000000000  40.100000000000  44.060000000000  51.800000000000  25.020000000000  57.920000000000  38.050000000000  89.720000000000  64.470000000000  31.720000000000  39.800000000000  22.370000000000  54.410000000000  19.680000000000  11.510000000000  51.570000000000  58.500000000000  41.100000000000  112.770000000000  10.790000000000  47.150000000000  0.000000000000
Q05FJ8      47.570000000000  46.950000000000  43.330000000000  42.570000000000  46.420000000000  56.430000000000  44.680000000000  42.900000000000  41.930000000000  52.700000000000  49.110000000000  0.000000000000  28.200000000000  42.280000000000  44.280000000000  38.470000000000  38.990000000000  49.410000000000  64.430000000000  43.660000000000  39.940000000000  54.450000000000  37.810000000000  50.180000000000  36.970000000000  37.290000000000  51.290000000000  82.900000000000  55.040000000000  40.610000000000  39.630000000000  45.700000000000  37.340000000000
Q05FK0      53.750000000000  35.190000000000  39.180000000000  27.700000000000  34.200000000000  39.790000000000  28.090000000000  23.770000000000  25.890000000000  46.160000000000  40.100000000000  28.200000000000  0.000000000000  22.400000000000  33.970000000000  34.290000000000  25.680000000000  36.910000000000  25.000000000000  35.440000000000  36.060000000000  29.190000000000  23.920000000000  32.060000000000  22.990000000000  22.930000000000  36.350000000000  27.460000000000  25.350000000000  34.220000000000  22.190000000000  22.570000000000  21.800000000000
Q05FK1      43.960000000000  23.690000000000  48.100000000000  38.690000000000  44.960000000000  40.450000000000  19.240000000000  43.690000000000  22.200000000000  41.000000000000  44.060000000000  42.280000000000  22.400000000000  0.000000000000  41.470000000000  22.160000000000  38.370000000000  34.580000000000  47.370000000000  43.660000000000  36.560000000000  31.260000000000  22.390000000000  44.850000000000  21.210000000000  15.790000000000  42.030000000000  42.280000000000  44.950000000000  51.060000000000  0.000000000000  46.100000000000  0.000000000000
Q05FK6      50.980000000000  55.730000000000  43.250000000000  42.250000000000  38.140000000000  46.170000000000  76.630000000000  41.860000000000  85.320000000000  86.550000000000  51.800000000000  44.280000000000  33.970000000000  41.470000000000  0.000000000000  49.160000000000  42.360000000000  39.230000000000  44.730000000000  58.340000000000  42.600000000000  49.320000000000  66.010000000000  59.440000000000  72.420000000000  68.260000000000  74.400000000000  83.260000000000  80.200000000000  48.140000000000  67.290000000000  42.150000000000  73.370000000000
Q05FL0      37.610000000000  77.370000000000  23.500000000000  26.260000000000  23.550000000000  46.080000000000  75.270000000000  21.930000000000  74.270000000000  47.840000000000  25.020000000000  38.470000000000  34.290000000000  22.160000000000  49.160000000000  0.000000000000  35.020000000000  22.910000000000  21.130000000000  24.960000000000  36.970000000000  40.710000000000  71.410000000000  23.990000000000  63.280000000000  76.430000000000  58.050000000000  47.140000000000  47.900000000000  23.970000000000  75.870000000000  21.240000000000  76.780000000000
Q05FL6      44.660000000000  38.830000000000  43.930000000000  49.930000000000  50.760000000000  59.200000000000  29.940000000000  45.050000000000  36.520000000000  43.270000000000  57.920000000000  38.990000000000  25.680000000000  38.370000000000  42.360000000000  35.020000000000  0.000000000000  34.850000000000  48.790000000000  49.500000000000  30.190000000000  35.270000000000  36.190000000000  84.630000000000  34.070000000000  23.990000000000  42.570000000000  40.710000000000  43.730000000000  59.210000000000  23.990000000000  48.100000000000  23.990000000000
Q05FL7      45.700000000000  26.570000000000  33.710000000000  40.550000000000  39.890000000000  31.710000000000  22.710000000000  44.000000000000  27.520000000000  49.370000000000  38.050000000000  49.410000000000  36.910000000000  34.580000000000  39.230000000000  22.910000000000  34.850000000000  0.000000000000  35.350000000000  43.720000000000  35.740000000000  43.340000000000  22.280000000000  54.230000000000  23.410000000000  22.460000000000  46.740000000000  58.090000000000  39.380000000000  37.440000000000  22.950000000000  33.940000000000  22.550000000000
Q05FL8      47.220000000000  27.020000000000  50.900000000000  54.720000000000  58.230000000000  45.210000000000  19.170000000000  64.690000000000  22.180000000000  43.840000000000  89.720000000000  64.430000000000  25.000000000000  47.370000000000  44.730000000000  21.130000000000  48.790000000000  35.350000000000  0.000000000000  62.540000000000  43.100000000000  45.990000000000  21.320000000000  55.560000000000  22.330000000000  13.480000000000  46.320000000000  48.340000000000  44.600000000000  78.990000000000  11.830000000000  66.090000000000  11.340000000000
Q05FM4      58.590000000000  47.280000000000  55.800000000000  60.890000000000  53.650000000000  46.270000000000  31.900000000000  51.490000000000  30.090000000000  59.860000000000  64.470000000000  43.660000000000  35.440000000000  43.660000000000  58.340000000000  24.960000000000  49.500000000000  43.720000000000  62.540000000000  0.000000000000  35.430000000000  37.110000000000  34.280000000000  50.570000000000  32.290000000000  23.990000000000  52.770000000000  48.840000000000  41.400000000000  51.370000000000  24.000000000000  54.350000000000  23.990000000000
Q05FN7      31.690000000000  34.150000000000  41.140000000000  28.770000000000  42.910000000000  29.750000000000  27.810000000000  32.970000000000  37.570000000000  42.600000000000  31.720000000000  39.940000000000  36.060000000000  36.560000000000  42.600000000000  36.970000000000  30.190000000000  35.740000000000  43.100000000000  35.430000000000  0.000000000000  35.030000000000  25.560000000000  37.380000000000  30.270000000000  25.520000000000  39.460000000000  38.160000000000  39.260000000000  31.030000000000  25.250000000000  43.870000000000  25.750000000000
Q05FP3      36.120000000000  55.230000000000  30.630000000000  37.850000000000  33.110000000000  37.800000000000  52.310000000000  31.360000000000  61.170000000000  58.440000000000  39.800000000000  54.450000000000  29.190000000000  31.260000000000  49.320000000000  40.710000000000  35.270000000000  43.340000000000  45.990000000000  37.110000000000  35.030000000000  0.000000000000  46.400000000000  40.820000000000  58.230000000000  45.710000000000  61.880000000000  65.260000000000  60.230000000000  37.410000000000  41.200000000000  42.630000000000  41.200000000000
Q05FP5      36.290000000000  77.580000000000  23.660000000000  22.470000000000  22.290000000000  54.700000000000  95.770000000000  22.170000000000  95.900000000000  47.840000000000  22.370000000000  37.810000000000  23.920000000000  22.390000000000  66.010000000000  71.410000000000  36.190000000000  22.280000000000  21.320000000000  34.280000000000  25.560000000000  46.400000000000  0.000000000000  28.040000000000  71.960000000000  95.930000000000  60.360000000000  46.980000000000  47.870000000000  26.960000000000  95.920000000000  21.440000000000  95.940000000000
Q05FQ1      44.860000000000  31.440000000000  42.490000000000  50.990000000000  43.770000000000  44.150000000000  34.650000000000  43.400000000000  32.150000000000  59.590000000000  54.410000000000  50.180000000000  32.060000000000  44.850000000000  59.440000000000  23.990000000000  84.630000000000  54.230000000000  55.560000000000  50.570000000000  37.380000000000  40.820000000000  28.040000000000  0.000000000000  40.930000000000  23.990000000000  47.940000000000  55.440000000000  50.420000000000  58.900000000000  23.980000000000  56.120000000000  23.990000000000
Q05FS1      37.920000000000  80.600000000000  20.250000000000  19.920000000000  21.750000000000  47.340000000000  141.340000000000  20.160000000000  120.600000000000  54.460000000000  19.680000000000  36.970000000000  22.990000000000  21.210000000000  72.420000000000  63.280000000000  34.070000000000  23.410000000000  22.330000000000  32.290000000000  30.270000000000  58.230000000000  71.960000000000  40.930000000000  0.000000000000  95.110000000000  72.250000000000  46.770000000000  61.400000000000  23.970000000000  95.120000000000  21.520000000000  119.310000000000
Q05FT3      24.000000000000  81.850000000000  11.820000000000  10.850000000000  16.360000000000  50.840000000000  112.490000000000  16.120000000000  95.940000000000  47.810000000000  11.510000000000  37.290000000000  22.930000000000  15.790000000000  68.260000000000  76.430000000000  23.990000000000  22.460000000000  13.480000000000  23.990000000000  25.520000000000  45.710000000000  95.930000000000  23.990000000000  95.110000000000  0.000000000000  61.720000000000  46.870000000000  47.890000000000  23.970000000000  119.910000000000  0.000000000000  119.900000000000
Q05FU5      51.880000000000  69.910000000000  45.280000000000  43.680000000000  39.050000000000  58.910000000000  76.710000000000  43.580000000000  83.070000000000  96.810000000000  51.570000000000  51.290000000000  36.350000000000  42.030000000000  74.400000000000  58.050000000000  42.570000000000  46.740000000000  46.320000000000  52.770000000000  39.460000000000  61.880000000000  60.360000000000  47.940000000000  72.250000000000  61.720000000000  0.000000000000  73.150000000000  84.090000000000  44.140000000000  65.060000000000  45.620000000000  67.260000000000
Q05FU6      44.770000000000  46.950000000000  40.600000000000  53.990000000000  42.950000000000  52.260000000000  47.040000000000  44.570000000000  47.220000000000  81.120000000000  58.500000000000  82.900000000000  27.460000000000  42.280000000000  83.260000000000  47.140000000000  40.710000000000  58.090000000000  48.340000000000  48.840000000000  38.160000000000  65.260000000000  46.980000000000  55.440000000000  46.770000000000  46.870000000000  73.150000000000  0.000000000000  67.120000000000  46.310000000000  46.780000000000  52.920000000000  46.700000000000
Q05FV2      43.540000000000  57.340000000000  44.600000000000  39.080000000000  36.590000000000  46.270000000000  51.440000000000  38.970000000000  63.910000000000  77.630000000000  41.100000000000  55.040000000000  25.350000000000  44.950000000000  80.200000000000  47.900000000000  43.730000000000  39.380000000000  44.600000000000  41.400000000000  39.260000000000  60.230000000000  47.870000000000  50.420000000000  61.400000000000  47.890000000000  84.090000000000  67.120000000000  0.000000000000  38.990000000000  47.850000000000  51.850000000000  47.910000000000
Q05FV3      45.840000000000  27.870000000000  45.730000000000  46.260000000000  76.970000000000  45.940000000000  23.980000000000  98.310000000000  23.980000000000  43.270000000000  112.770000000000  40.610000000000  34.220000000000  51.060000000000  48.140000000000  23.970000000000  59.210000000000  37.440000000000  78.990000000000  51.370000000000  31.030000000000  37.410000000000  26.960000000000  58.900000000000  23.970000000000  23.970000000000  44.140000000000  46.310000000000  38.990000000000  0.000000000000  23.970000000000  47.850000000000  23.970000000000
Q05FX4      23.990000000000  83.260000000000  0.000000000000  11.820000000000  13.120000000000  46.220000000000  112.690000000000  11.020000000000  95.940000000000  47.850000000000  10.790000000000  39.630000000000  22.190000000000  0.000000000000  67.290000000000  75.870000000000  23.990000000000  22.950000000000  11.830000000000  24.000000000000  25.250000000000  41.200000000000  95.920000000000  23.980000000000  95.120000000000  119.910000000000  65.060000000000  46.780000000000  47.850000000000  23.970000000000  0.000000000000  0.000000000000  119.900000000000
Q05FY0      45.320000000000  23.000000000000  54.780000000000  55.590000000000  67.230000000000  50.870000000000  17.000000000000  46.170000000000  20.930000000000  47.350000000000  47.150000000000  45.700000000000  22.570000000000  46.100000000000  42.150000000000  21.240000000000  48.100000000000  33.940000000000  66.090000000000  54.350000000000  43.870000000000  42.630000000000  21.440000000000  56.120000000000  21.520000000000  0.000000000000  45.620000000000  52.920000000000  51.850000000000  47.850000000000  0.000000000000  0.000000000000  0.000000000000
Q05FY4      23.990000000000  85.030000000000  0.000000000000  10.990000000000  12.570000000000  46.100000000000  143.790000000000  10.580000000000  137.800000000000  47.820000000000  0.000000000000  37.340000000000  21.800000000000  0.000000000000  73.370000000000  76.780000000000  23.990000000000  22.550000000000  11.340000000000  23.990000000000  25.750000000000  41.200000000000  95.940000000000  23.990000000000  119.310000000000  119.900000000000  67.260000000000  46.700000000000  47.910000000000  23.970000000000  119.900000000000  0.000000000000  0.000000000000
