33
Q05FI8        0.00000000000 0.95715000000 0.94917000000 0.94624000000 0.95981000000 0.95254000000 0.97136000000 0.95717000000 0.96965000000 0.95764000000 0.95499000000 0.95243000000 0.94625000000 0.95604000000 0.94902000000 0.96239000000 0.95534000000 0.95430000000 0.95278000000 0.94141000000 0.96831000000 0.96388000000 0.96371000000 0.95514000000 0.96208000000 0.97600000000 0.94812000000 0.95523000000 0.95646000000 0.95416000000 0.97601000000 0.95468000000 0.97601000000
Q05FJ5        0.95715000000 0.00000000000 0.97704000000 0.97605000000 0.97642000000 0.95067000000 0.90023000000 0.97484000000 0.89610000000 0.94355000000 0.97621000000 0.95305000000 0.96481000000 0.97631000000 0.94427000000 0.92263000000 0.96117000000 0.97343000000 0.97298000000 0.95272000000 0.96585000000 0.94477000000 0.92242000000 0.96856000000 0.91940000000 0.91815000000 0.93009000000 0.95305000000 0.94266000000 0.97213000000 0.91674000000 0.97700000000 0.91497000000
Q05FK8        0.94917000000 0.97704000000 0.00000000000 0.95565000000 0.94146000000 0.95389000000 0.98276000000 0.95871000000 0.97854000000 0.94497000000 0.94910000000 0.95667000000 0.96082000000 0.95190000000 0.95675000000 0.97650000000 0.95607000000 0.96629000000 0.94910000000 0.94420000000 0.95886000000 0.96937000000 0.97634000000 0.95751000000 0.97975000000 0.98818000000 0.95472000000 0.95940000000 0.95540000000 0.95427000000 1.00000000000 0.94522000000 1.00000000000
Q05FM5        0.94624000000 0.97605000000 0.95565000000 0.00000000000 0.94798000000 0.94508000000 0.98207000000 0.94499000000 0.97975000000 0.95823000000 0.94778000000 0.95743000000 0.97230000000 0.96131000000 0.95775000000 0.97374000000 0.95007000000 0.95945000000 0.94528000000 0.93911000000 0.97123000000 0.96215000000 0.97753000000 0.94901000000 0.98008000000 0.98915000000 0.95632000000 0.94601000000 0.96092000000 0.95374000000 0.98818000000 0.94441000000 0.98901000000
Q05FT8        0.95981000000 0.97642000000 0.94146000000 0.94798000000 0.00000000000 0.96053000000 0.97971000000 0.93806000000 0.97734000000 0.94868000000 0.92670000000 0.95358000000 0.96580000000 0.95504000000 0.96186000000 0.97645000000 0.94924000000 0.96011000000 0.94177000000 0.94635000000 0.95709000000 0.96689000000 0.97771000000 0.95623000000 0.97825000000 0.98364000000 0.96095000000 0.95705000000 0.96341000000 0.92303000000 0.98688000000 0.93277000000 0.98743000000
Q05FW4        0.95254000000 0.95067000000 0.95389000000 0.94508000000 0.96053000000 0.00000000000 0.95255000000 0.95658000000 0.95068000000 0.95320000000 0.95425000000 0.94357000000 0.96021000000 0.95955000000 0.95383000000 0.95392000000 0.94080000000 0.96829000000 0.95479000000 0.95373000000 0.97025000000 0.96220000000 0.94530000000 0.95585000000 0.95266000000 0.94916000000 0.94109000000 0.94774000000 0.95373000000 0.95406000000 0.95378000000 0.94913000000 0.95390000000
Q05FY6        0.97136000000 0.90023000000 0.98276000000 0.98207000000 0.97971000000 0.95255000000 0.00000000000 0.98208000000 0.83014000000 0.94325000000 0.98176000000 0.95532000000 0.97191000000 0.98076000000 0.92337000000 0.92473000000 0.97006000000 0.97729000000 0.98083000000 0.96810000000 0.97219000000 0.94769000000 0.90423000000 0.96535000000 0.85866000000 0.88751000000 0.92329000000 0.95296000000 0.94856000000 0.97602000000 0.88731000000 0.98300000000 0.85621000000
Q05FF9        0.95717000000 0.97484000000 0.95871000000 0.94499000000 0.93806000000 0.95658000000 0.98208000000 0.00000000000 0.97772000000 0.95783000000 0.89432000000 0.95710000000 0.97623000000 0.95631000000 0.95814000000 0.97807000000 0.95495000000 0.95600000000 0.93531000000 0.94851000000 0.96703000000 0.96864000000 0.97783000000 0.95660000000 0.97984000000 0.98388000000 0.95642000000 0.95543000000 0.96103000000 0.90169000000 0.98898000000 0.95383000000 0.98942000000
Q05FH3        0.96965000000 0.89610000000 0.97854000000 0.97975000000 0.97734000000 0.95068000000 0.83014000000 0.97772000000 0.00000000000 0.93596000000 0.97744000000 0.95807000000 0.97411000000 0.97780000000 0.91468000000 0.92573000000 0.96348000000 0.97248000000 0.97782000000 0.96991000000 0.96243000000 0.93883000000 0.90410000000 0.96785000000 0.87940000000 0.90406000000 0.91693000000 0.95278000000 0.93609000000 0.97602000000 0.90406000000 0.97907000000 0.86220000000
Q05FI4        0.95764000000 0.94355000000 0.94497000000 0.95823000000 0.94868000000 0.95320000000 0.94325000000 0.95783000000 0.93596000000 0.00000000000 0.94020000000 0.94730000000 0.95384000000 0.95900000000 0.91345000000 0.95216000000 0.95673000000 0.95063000000 0.95616000000 0.94014000000 0.95740000000 0.94156000000 0.95216000000 0.94041000000 0.94554000000 0.95219000000 0.90319000000 0.91888000000 0.92237000000 0.95673000000 0.95215000000 0.95265000000 0.95218000000
Q05FJ2        0.95499000000 0.97621000000 0.94910000000 0.94778000000 0.92670000000 0.95425000000 0.98176000000 0.89432000000 0.97744000000 0.94020000000 0.00000000000 0.95089000000 0.95990000000 0.95594000000 0.94820000000 0.97498000000 0.94208000000 0.96195000000 0.91028000000 0.93553000000 0.96828000000 0.96020000000 0.97763000000 0.94559000000 0.98032000000 0.98849000000 0.94843000000 0.94150000000 0.95890000000 0.88723000000 0.98921000000 0.95285000000 1.00000000000
Q05FJ8        0.95243000000 0.95305000000 0.95667000000 0.95743000000 0.95358000000 0.94357000000 0.95532000000 0.95710000000 0.95807000000 0.94730000000 0.95089000000 0.00000000000 0.97180000000 0.95772000000 0.95572000000 0.96153000000 0.96101000000 0.95059000000 0.93557000000 0.95634000000 0.96006000000 0.94555000000 0.96219000000 0.94982000000 0.96303000000 0.96271000000 0.94871000000 0.91710000000 0.94496000000 0.95939000000 0.96037000000 0.95430000000 0.96266000000
Q05FK0        0.94625000000 0.96481000000 0.96082000000 0.97230000000 0.96580000000 0.96021000000 0.97191000000 0.97623000000 0.97411000000 0.95384000000 0.95990000000 0.97180000000 0.00000000000 0.97760000000 0.96603000000 0.96571000000 0.97432000000 0.96309000000 0.97500000000 0.96456000000 0.96394000000 0.97081000000 0.97608000000 0.96794000000 0.97701000000 0.97707000000 0.96365000000 0.97254000000 0.97465000000 0.96578000000 0.97781000000 0.97743000000 0.97820000000
Q05FK1        0.95604000000 0.97631000000 0.95190000000 0.96131000000 0.95504000000 0.95955000000 0.98076000000 0.95631000000 0.97780000000 0.95900000000 0.95594000000 0.95772000000 0.97760000000 0.00000000000 0.95853000000 0.97784000000 0.96163000000 0.96542000000 0.95263000000 0.95634000000 0.96344000000 0.96874000000 0.97761000000 0.95515000000 0.97879000000 0.98421000000 0.95797000000 0.95772000000 0.95505000000 0.94894000000 1.00000000000 0.95390000000 1.00000000000
Q05FK6        0.94902000000 0.94427000000 0.95675000000 0.95775000000 0.96186000000 0.95383000000 0.92337000000 0.95814000000 0.91468000000 0.91345000000 0.94820000000 0.95572000000 0.96603000000 0.95853000000 0.00000000000 0.95084000000 0.95764000000 0.96077000000 0.95527000000 0.94166000000 0.95740000000 0.95068000000 0.93399000000 0.94056000000 0.92758000000 0.93174000000 0.92560000000 0.91674000000 0.91980000000 0.95186000000 0.93271000000 0.95785000000 0.92663000000
Q05FL0        0.96239000000 0.92263000000 0.97650000000 0.97374000000 0.97645000000 0.95392000000 0.92473000000 0.97807000000 0.92573000000 0.95216000000 0.97498000000 0.96153000000 0.96571000000 0.97784000000 0.95084000000 0.00000000000 0.96498000000 0.97709000000 0.97887000000 0.97504000000 0.96303000000 0.95929000000 0.92859000000 0.97601000000 0.93672000000 0.92357000000 0.94195000000 0.95286000000 0.95210000000 0.97603000000 0.92413000000 0.97876000000 0.92322000000
Q05FL6        0.95534000000 0.96117000000 0.95607000000 0.95007000000 0.94924000000 0.94080000000 0.97006000000 0.95495000000 0.96348000000 0.95673000000 0.94208000000 0.96101000000 0.97432000000 0.96163000000 0.95764000000 0.96498000000 0.00000000000 0.96515000000 0.95121000000 0.95050000000 0.96981000000 0.96473000000 0.96381000000 0.91537000000 0.96593000000 0.97601000000 0.95743000000 0.95929000000 0.95627000000 0.94079000000 0.97601000000 0.95190000000 0.97601000000
Q05FL7        0.95430000000 0.97343000000 0.96629000000 0.95945000000 0.96011000000 0.96829000000 0.97729000000 0.95600000000 0.97248000000 0.95063000000 0.96195000000 0.95059000000 0.96309000000 0.96542000000 0.96077000000 0.97709000000 0.96515000000 0.00000000000 0.96465000000 0.95628000000 0.96426000000 0.95666000000 0.97772000000 0.94577000000 0.97659000000 0.97754000000 0.95326000000 0.94191000000 0.96062000000 0.96256000000 0.97705000000 0.96606000000 0.97745000000
Q05FL8        0.95278000000 0.97298000000 0.94910000000 0.94528000000 0.94177000000 0.95479000000 0.98083000000 0.93531000000 0.97782000000 0.95616000000 0.91028000000 0.93557000000 0.97500000000 0.95263000000 0.95527000000 0.97887000000 0.95121000000 0.96465000000 0.00000000000 0.93746000000 0.95690000000 0.95401000000 0.97868000000 0.94444000000 0.97767000000 0.98652000000 0.95368000000 0.95166000000 0.95540000000 0.92101000000 0.98817000000 0.93391000000 0.98866000000
Q05FM4        0.94141000000 0.95272000000 0.94420000000 0.93911000000 0.94635000000 0.95373000000 0.96810000000 0.94851000000 0.96991000000 0.94014000000 0.93553000000 0.95634000000 0.96456000000 0.95634000000 0.94166000000 0.97504000000 0.95050000000 0.95628000000 0.93746000000 0.00000000000 0.96457000000 0.96289000000 0.96572000000 0.94943000000 0.96771000000 0.97601000000 0.94723000000 0.95116000000 0.95860000000 0.94863000000 0.97600000000 0.94565000000 0.97601000000
Q05FN7        0.96831000000 0.96585000000 0.95886000000 0.97123000000 0.95709000000 0.97025000000 0.97219000000 0.96703000000 0.96243000000 0.95740000000 0.96828000000 0.96006000000 0.96394000000 0.96344000000 0.95740000000 0.96303000000 0.96981000000 0.96426000000 0.95690000000 0.96457000000 0.00000000000 0.96497000000 0.97444000000 0.96262000000 0.96973000000 0.97448000000 0.96054000000 0.96184000000 0.96074000000 0.96897000000 0.97475000000 0.95613000000 0.97425000000
Q05FP3        0.96388000000 0.94477000000 0.96937000000 0.96215000000 0.96689000000 0.96220000000 0.94769000000 0.96864000000 0.93883000000 0.94156000000 0.96020000000 0.94555000000 0.97081000000 0.96874000000 0.95068000000 0.95929000000 0.96473000000 0.95666000000 0.95401000000 0.96289000000 0.96497000000 0.00000000000 0.95360000000 0.95918000000 0.94177000000 0.95429000000 0.93812000000 0.93474000000 0.93977000000 0.96259000000 0.95880000000 0.95737000000 0.95880000000
Q05FP5        0.96371000000 0.92242000000 0.97634000000 0.97753000000 0.97771000000 0.94530000000 0.90423000000 0.97783000000 0.90410000000 0.95216000000 0.97763000000 0.96219000000 0.97608000000 0.97761000000 0.93399000000 0.92859000000 0.96381000000 0.97772000000 0.97868000000 0.96572000000 0.97444000000 0.95360000000 0.00000000000 0.97196000000 0.92804000000 0.90407000000 0.93964000000 0.95302000000 0.95213000000 0.97304000000 0.90408000000 0.97856000000 0.90406000000
Q05FQ1        0.95514000000 0.96856000000 0.95751000000 0.94901000000 0.95623000000 0.95585000000 0.96535000000 0.95660000000 0.96785000000 0.94041000000 0.94559000000 0.94982000000 0.96794000000 0.95515000000 0.94056000000 0.97601000000 0.91537000000 0.94577000000 0.94444000000 0.94943000000 0.96262000000 0.95918000000 0.97196000000 0.00000000000 0.95907000000 0.97601000000 0.95206000000 0.94456000000 0.94958000000 0.94110000000 0.97602000000 0.94388000000 0.97601000000
Q05FS1        0.96208000000 0.91940000000 0.97975000000 0.98008000000 0.97825000000 0.95266000000 0.85866000000 0.97984000000 0.87940000000 0.94554000000 0.98032000000 0.96303000000 0.97701000000 0.97879000000 0.92758000000 0.93672000000 0.96593000000 0.97659000000 0.97767000000 0.96771000000 0.96973000000 0.94177000000 0.92804000000 0.95907000000 0.00000000000 0.90489000000 0.92775000000 0.95323000000 0.93860000000 0.97603000000 0.90488000000 0.97848000000 0.88069000000
Q05FT3        0.97600000000 0.91815000000 0.98818000000 0.98915000000 0.98364000000 0.94916000000 0.88751000000 0.98388000000 0.90406000000 0.95219000000 0.98849000000 0.96271000000 0.97707000000 0.98421000000 0.93174000000 0.92357000000 0.97601000000 0.97754000000 0.98652000000 0.97601000000 0.97448000000 0.95429000000 0.90407000000 0.97601000000 0.90489000000 0.00000000000 0.93828000000 0.95313000000 0.95211000000 0.97603000000 0.88009000000 1.00000000000 0.88010000000
Q05FU5        0.94812000000 0.93009000000 0.95472000000 0.95632000000 0.96095000000 0.94109000000 0.92329000000 0.95642000000 0.91693000000 0.90319000000 0.94843000000 0.94871000000 0.96365000000 0.95797000000 0.92560000000 0.94195000000 0.95743000000 0.95326000000 0.95368000000 0.94723000000 0.96054000000 0.93812000000 0.93964000000 0.95206000000 0.92775000000 0.93828000000 0.00000000000 0.92685000000 0.91591000000 0.95586000000 0.93494000000 0.95438000000 0.93274000000
Q05FU6        0.95523000000 0.95305000000 0.95940000000 0.94601000000 0.95705000000 0.94774000000 0.95296000000 0.95543000000 0.95278000000 0.91888000000 0.94150000000 0.91710000000 0.97254000000 0.95772000000 0.91674000000 0.95286000000 0.95929000000 0.94191000000 0.95166000000 0.95116000000 0.96184000000 0.93474000000 0.95302000000 0.94456000000 0.95323000000 0.95313000000 0.92685000000 0.00000000000 0.93288000000 0.95369000000 0.95322000000 0.94708000000 0.95330000000
Q05FV2        0.95646000000 0.94266000000 0.95540000000 0.96092000000 0.96341000000 0.95373000000 0.94856000000 0.96103000000 0.93609000000 0.92237000000 0.95890000000 0.94496000000 0.97465000000 0.95505000000 0.91980000000 0.95210000000 0.95627000000 0.96062000000 0.95540000000 0.95860000000 0.96074000000 0.93977000000 0.95213000000 0.94958000000 0.93860000000 0.95211000000 0.91591000000 0.93288000000 0.00000000000 0.96101000000 0.95215000000 0.94815000000 0.95209000000
Q05FV3        0.95416000000 0.97213000000 0.95427000000 0.95374000000 0.92303000000 0.95406000000 0.97602000000 0.90169000000 0.97602000000 0.95673000000 0.88723000000 0.95939000000 0.96578000000 0.94894000000 0.95186000000 0.97603000000 0.94079000000 0.96256000000 0.92101000000 0.94863000000 0.96897000000 0.96259000000 0.97304000000 0.94110000000 0.97603000000 0.97603000000 0.95586000000 0.95369000000 0.96101000000 0.00000000000 0.97603000000 0.95215000000 0.97603000000
Q05FX4        0.97601000000 0.91674000000 1.00000000000 0.98818000000 0.98688000000 0.95378000000 0.88731000000 0.98898000000 0.90406000000 0.95215000000 0.98921000000 0.96037000000 0.97781000000 1.00000000000 0.93271000000 0.92413000000 0.97601000000 0.97705000000 0.98817000000 0.97600000000 0.97475000000 0.95880000000 0.90408000000 0.97602000000 0.90488000000 0.88009000000 0.93494000000 0.95322000000 0.95215000000 0.97603000000 0.00000000000 1.00000000000 0.88010000000
Q05FY0        0.95468000000 0.97700000000 0.94522000000 0.94441000000 0.93277000000 0.94913000000 0.98300000000 0.95383000000 0.97907000000 0.95265000000 0.95285000000 0.95430000000 0.97743000000 0.95390000000 0.95785000000 0.97876000000 0.95190000000 0.96606000000 0.93391000000 0.94565000000 0.95613000000 0.95737000000 0.97856000000 0.94388000000 0.97848000000 1.00000000000 0.95438000000 0.94708000000 0.94815000000 0.95215000000 1.00000000000 0.00000000000 1.00000000000
Q05FY4        0.97601000000 0.91497000000 1.00000000000 0.98901000000 0.98743000000 0.95390000000 0.85621000000 0.98942000000 0.86220000000 0.95218000000 1.00000000000 0.96266000000 0.97820000000 1.00000000000 0.92663000000 0.92322000000 0.97601000000 0.97745000000 0.98866000000 0.97601000000 0.97425000000 0.95880000000 0.90406000000 0.97601000000 0.88069000000 0.88010000000 0.93274000000 0.95330000000 0.95209000000 0.97603000000 0.88010000000 1.00000000000 0.00000000000
