33
Q05FI8      0.000000000000  0.465000000000  0.482000000000  0.246000000000  0.576000000000  0.221000000000  0.793000000000  0.334000000000  0.789000000000  0.693000000000  0.254000000000  0.446000000000  0.277000000000  0.144000000000  0.369000000000  0.445000000000  0.352000000000  0.414000000000  0.261000000000  0.161000000000  0.739000000000  0.754000000000  0.321000000000  0.498000000000  0.585000000000  0.411000000000  0.460000000000  0.446000000000  0.566000000000  0.304000000000  0.411000000000  0.308000000000  0.474000000000
Q05FJ5      0.465000000000  0.000000000000  0.909000000000  0.867000000000  0.943000000000  0.341000000000  0.004020000000  0.912000000000  0.039900000000  0.212000000000  0.932000000000  0.465000000000  0.775000000000  0.800000000000  0.530000000000  0.011700000000  0.742000000000  0.854000000000  0.872000000000  0.136000000000  0.755000000000  0.287000000000  0.041200000000  0.819000000000  0.016500000000  0.024400000000  0.445000000000  0.402000000000  0.353000000000  0.608000000000  0.009730000000  0.963000000000  0.050200000000
Q05FK8      0.482000000000  0.909000000000  0.000000000000  0.200000000000  0.384000000000  0.143000000000  0.974000000000  0.479000000000  0.951000000000  0.510000000000  0.406000000000  0.439000000000  0.579000000000  0.219000000000  0.380000000000  0.822000000000  0.454000000000  0.564000000000  0.223000000000  0.120000000000  0.295000000000  0.805000000000  0.532000000000  0.452000000000  0.941000000000  0.991000000000  0.201000000000  0.478000000000  0.619000000000  0.592000000000  0.000000000000  0.324000000000  0.000000000000
Q05FM5      0.246000000000  0.867000000000  0.200000000000  0.000000000000  0.191000000000  0.091900000000  0.945000000000  0.118000000000  0.942000000000  0.408000000000  0.189000000000  0.236000000000  0.804000000000  0.252000000000  0.324000000000  0.724000000000  0.391000000000  0.528000000000  0.127000000000  0.019100000000  0.743000000000  0.455000000000  0.762000000000  0.275000000000  0.912000000000  0.985000000000  0.249000000000  0.237000000000  0.433000000000  0.318000000000  0.984000000000  0.204000000000  0.992000000000
Q05FT8      0.576000000000  0.943000000000  0.384000000000  0.191000000000  0.000000000000  0.354000000000  0.961000000000  0.057900000000  0.944000000000  0.304000000000  0.027600000000  0.415000000000  0.625000000000  0.292000000000  0.647000000000  0.915000000000  0.201000000000  0.662000000000  0.282000000000  0.346000000000  0.436000000000  0.747000000000  0.921000000000  0.416000000000  0.917000000000  0.953000000000  0.720000000000  0.485000000000  0.784000000000  0.017200000000  0.990000000000  0.199000000000  0.991000000000
Q05FW4      0.221000000000  0.341000000000  0.143000000000  0.091900000000  0.354000000000  0.000000000000  0.318000000000  0.258000000000  0.254000000000  0.393000000000  0.136000000000  0.241000000000  0.762000000000  0.237000000000  0.274000000000  0.122000000000  0.209000000000  0.629000000000  0.072600000000  0.078700000000  0.628000000000  0.534000000000  0.056600000000  0.431000000000  0.145000000000  0.079100000000  0.104000000000  0.128000000000  0.481000000000  0.257000000000  0.149000000000  0.395000000000  0.140000000000
Q05FY6      0.793000000000  0.004020000000  0.974000000000  0.945000000000  0.961000000000  0.318000000000  0.000000000000  0.939000000000  0.000002990000  0.218000000000  0.979000000000  0.367000000000  0.776000000000  0.909000000000  0.007780000000  0.008380000000  0.701000000000  0.926000000000  0.957000000000  0.681000000000  0.827000000000  0.167000000000  0.000069500000  0.731000000000  0.000013200000  0.000001720000  0.056400000000  0.097300000000  0.092100000000  0.613000000000  0.000001010000  0.981000000000  0.000043700000
Q05FF9      0.334000000000  0.912000000000  0.479000000000  0.118000000000  0.057900000000  0.258000000000  0.939000000000  0.000000000000  0.896000000000  0.594000000000  0.000062200000  0.296000000000  0.938000000000  0.128000000000  0.471000000000  0.905000000000  0.173000000000  0.473000000000  0.026700000000  0.218000000000  0.638000000000  0.823000000000  0.790000000000  0.305000000000  0.929000000000  0.928000000000  0.405000000000  0.290000000000  0.427000000000  0.000143000000  0.980000000000  0.181000000000  0.987000000000
Q05FH3      0.789000000000  0.039900000000  0.951000000000  0.942000000000  0.944000000000  0.254000000000  0.000002990000  0.896000000000  0.000000000000  0.280000000000  0.934000000000  0.617000000000  0.859000000000  0.904000000000  0.042800000000  0.006700000000  0.184000000000  0.796000000000  0.894000000000  0.759000000000  0.536000000000  0.237000000000  0.002570000000  0.422000000000  0.002110000000  0.000000104000  0.067900000000  0.301000000000  0.271000000000  0.665000000000  0.000003680000  0.959000000000  0.000000018200
Q05FI4      0.693000000000  0.212000000000  0.510000000000  0.408000000000  0.304000000000  0.393000000000  0.218000000000  0.594000000000  0.280000000000  0.000000000000  0.170000000000  0.197000000000  0.733000000000  0.403000000000  0.027500000000  0.088200000000  0.518000000000  0.313000000000  0.482000000000  0.093900000000  0.412000000000  0.231000000000  0.126000000000  0.114000000000  0.084700000000  0.181000000000  0.037600000000  0.052100000000  0.122000000000  0.486000000000  0.151000000000  0.397000000000  0.188000000000
Q05FJ2      0.254000000000  0.932000000000  0.406000000000  0.189000000000  0.027600000000  0.136000000000  0.979000000000  0.000062200000  0.934000000000  0.170000000000  0.000000000000  0.411000000000  0.702000000000  0.119000000000  0.195000000000  0.889000000000  0.121000000000  0.646000000000  0.004060000000  0.086200000000  0.690000000000  0.687000000000  0.832000000000  0.158000000000  0.933000000000  0.992000000000  0.314000000000  0.147000000000  0.488000000000  0.000145000000  0.994000000000  0.329000000000  0.000000000000
Q05FJ8      0.446000000000  0.465000000000  0.439000000000  0.236000000000  0.415000000000  0.241000000000  0.367000000000  0.296000000000  0.617000000000  0.197000000000  0.411000000000  0.000000000000  0.845000000000  0.375000000000  0.462000000000  0.539000000000  0.514000000000  0.383000000000  0.105000000000  0.477000000000  0.354000000000  0.339000000000  0.420000000000  0.401000000000  0.438000000000  0.346000000000  0.396000000000  0.053700000000  0.140000000000  0.455000000000  0.274000000000  0.313000000000  0.402000000000
Q05FK0      0.277000000000  0.775000000000  0.579000000000  0.804000000000  0.625000000000  0.762000000000  0.776000000000  0.938000000000  0.859000000000  0.733000000000  0.702000000000  0.845000000000  0.000000000000  0.779000000000  0.762000000000  0.585000000000  0.873000000000  0.639000000000  0.900000000000  0.636000000000  0.657000000000  0.853000000000  0.636000000000  0.785000000000  0.782000000000  0.733000000000  0.760000000000  0.825000000000  0.921000000000  0.583000000000  0.822000000000  0.945000000000  0.878000000000
Q05FK1      0.144000000000  0.800000000000  0.219000000000  0.252000000000  0.292000000000  0.237000000000  0.909000000000  0.128000000000  0.904000000000  0.403000000000  0.119000000000  0.375000000000  0.779000000000  0.000000000000  0.241000000000  0.699000000000  0.339000000000  0.400000000000  0.006710000000  0.065300000000  0.296000000000  0.623000000000  0.651000000000  0.231000000000  0.837000000000  0.902000000000  0.542000000000  0.188000000000  0.338000000000  0.223000000000  0.000000000000  0.315000000000  0.000000000000
Q05FK6      0.369000000000  0.530000000000  0.380000000000  0.324000000000  0.647000000000  0.274000000000  0.007780000000  0.471000000000  0.042800000000  0.027500000000  0.195000000000  0.462000000000  0.762000000000  0.241000000000  0.000000000000  0.171000000000  0.455000000000  0.648000000000  0.359000000000  0.062000000000  0.335000000000  0.444000000000  0.021800000000  0.341000000000  0.033800000000  0.014500000000  0.254000000000  0.032800000000  0.060100000000  0.329000000000  0.013700000000  0.332000000000  0.013900000000
Q05FL0      0.445000000000  0.011700000000  0.822000000000  0.724000000000  0.915000000000  0.122000000000  0.008380000000  0.905000000000  0.006700000000  0.088200000000  0.889000000000  0.539000000000  0.585000000000  0.699000000000  0.171000000000  0.000000000000  0.435000000000  0.879000000000  0.886000000000  0.685000000000  0.481000000000  0.198000000000  0.005920000000  0.420000000000  0.065700000000  0.004600000000  0.068800000000  0.032400000000  0.098200000000  0.505000000000  0.000615000000  0.938000000000  0.000938000000
Q05FL6      0.352000000000  0.742000000000  0.454000000000  0.391000000000  0.201000000000  0.209000000000  0.701000000000  0.173000000000  0.184000000000  0.518000000000  0.121000000000  0.514000000000  0.873000000000  0.339000000000  0.455000000000  0.435000000000  0.000000000000  0.623000000000  0.183000000000  0.302000000000  0.699000000000  0.686000000000  0.333000000000  0.006960000000  0.491000000000  0.394000000000  0.493000000000  0.448000000000  0.285000000000  0.188000000000  0.404000000000  0.258000000000  0.460000000000
Q05FL7      0.414000000000  0.854000000000  0.564000000000  0.528000000000  0.662000000000  0.629000000000  0.926000000000  0.473000000000  0.796000000000  0.313000000000  0.646000000000  0.383000000000  0.639000000000  0.400000000000  0.648000000000  0.879000000000  0.623000000000  0.000000000000  0.532000000000  0.422000000000  0.633000000000  0.522000000000  0.823000000000  0.276000000000  0.826000000000  0.921000000000  0.519000000000  0.084400000000  0.606000000000  0.729000000000  0.782000000000  0.695000000000  0.845000000000
Q05FL8      0.261000000000  0.872000000000  0.223000000000  0.127000000000  0.282000000000  0.072600000000  0.957000000000  0.026700000000  0.894000000000  0.482000000000  0.004060000000  0.105000000000  0.900000000000  0.006710000000  0.359000000000  0.886000000000  0.183000000000  0.532000000000  0.000000000000  0.115000000000  0.500000000000  0.540000000000  0.891000000000  0.127000000000  0.936000000000  0.982000000000  0.467000000000  0.246000000000  0.560000000000  0.009130000000  0.984000000000  0.032800000000  0.990000000000
Q05FM4      0.161000000000  0.136000000000  0.120000000000  0.019100000000  0.346000000000  0.078700000000  0.681000000000  0.218000000000  0.759000000000  0.093900000000  0.086200000000  0.477000000000  0.636000000000  0.065300000000  0.062000000000  0.685000000000  0.302000000000  0.422000000000  0.115000000000  0.000000000000  0.628000000000  0.694000000000  0.345000000000  0.375000000000  0.310000000000  0.245000000000  0.188000000000  0.131000000000  0.487000000000  0.270000000000  0.245000000000  0.182000000000  0.305000000000
Q05FN7      0.739000000000  0.755000000000  0.295000000000  0.743000000000  0.436000000000  0.628000000000  0.827000000000  0.638000000000  0.536000000000  0.412000000000  0.690000000000  0.354000000000  0.657000000000  0.296000000000  0.335000000000  0.481000000000  0.699000000000  0.633000000000  0.500000000000  0.628000000000  0.000000000000  0.631000000000  0.814000000000  0.462000000000  0.689000000000  0.880000000000  0.818000000000  0.550000000000  0.672000000000  0.727000000000  0.894000000000  0.239000000000  0.902000000000
Q05FP3      0.754000000000  0.287000000000  0.805000000000  0.455000000000  0.747000000000  0.534000000000  0.167000000000  0.823000000000  0.237000000000  0.231000000000  0.687000000000  0.339000000000  0.853000000000  0.623000000000  0.444000000000  0.198000000000  0.686000000000  0.522000000000  0.540000000000  0.694000000000  0.631000000000  0.000000000000  0.239000000000  0.685000000000  0.311000000000  0.164000000000  0.335000000000  0.159000000000  0.289000000000  0.673000000000  0.192000000000  0.498000000000  0.204000000000
Q05FP5      0.321000000000  0.041200000000  0.532000000000  0.762000000000  0.921000000000  0.056600000000  0.000069500000  0.790000000000  0.002570000000  0.126000000000  0.832000000000  0.420000000000  0.636000000000  0.651000000000  0.021800000000  0.005920000000  0.333000000000  0.823000000000  0.891000000000  0.345000000000  0.814000000000  0.239000000000  0.000000000000  0.764000000000  0.000014500000  0.000000004700  0.410000000000  0.292000000000  0.172000000000  0.733000000000  0.000000029800  0.921000000000  0.000000039000
Q05FQ1      0.498000000000  0.819000000000  0.452000000000  0.275000000000  0.416000000000  0.431000000000  0.731000000000  0.305000000000  0.422000000000  0.114000000000  0.158000000000  0.401000000000  0.785000000000  0.231000000000  0.341000000000  0.420000000000  0.006960000000  0.276000000000  0.127000000000  0.375000000000  0.462000000000  0.685000000000  0.764000000000  0.000000000000  0.573000000000  0.411000000000  0.611000000000  0.283000000000  0.259000000000  0.315000000000  0.412000000000  0.141000000000  0.474000000000
Q05FS1      0.585000000000  0.016500000000  0.941000000000  0.912000000000  0.917000000000  0.145000000000  0.000013200000  0.929000000000  0.002110000000  0.084700000000  0.933000000000  0.438000000000  0.782000000000  0.837000000000  0.033800000000  0.065700000000  0.491000000000  0.826000000000  0.936000000000  0.310000000000  0.689000000000  0.311000000000  0.000014500000  0.573000000000  0.000000000000  0.004090000000  0.010400000000  0.060100000000  0.044900000000  0.569000000000  0.000058200000  0.903000000000  0.001190000000
Q05FT3      0.411000000000  0.024400000000  0.991000000000  0.985000000000  0.953000000000  0.079100000000  0.000001720000  0.928000000000  0.000000104000  0.181000000000  0.992000000000  0.346000000000  0.733000000000  0.902000000000  0.014500000000  0.004600000000  0.394000000000  0.921000000000  0.982000000000  0.245000000000  0.880000000000  0.164000000000  0.000000004700  0.411000000000  0.004090000000  0.000000000000  0.426000000000  0.039300000000  0.088900000000  0.488000000000  0.000000000067  0.000000000000  0.000000000133
Q05FU5      0.460000000000  0.445000000000  0.201000000000  0.249000000000  0.720000000000  0.104000000000  0.056400000000  0.405000000000  0.067900000000  0.037600000000  0.314000000000  0.396000000000  0.760000000000  0.542000000000  0.254000000000  0.068800000000  0.493000000000  0.519000000000  0.467000000000  0.188000000000  0.818000000000  0.335000000000  0.410000000000  0.611000000000  0.010400000000  0.426000000000  0.000000000000  0.059600000000  0.040400000000  0.503000000000  0.001850000000  0.447000000000  0.002790000000
Q05FU6      0.446000000000  0.402000000000  0.478000000000  0.237000000000  0.485000000000  0.128000000000  0.097300000000  0.290000000000  0.301000000000  0.052100000000  0.147000000000  0.053700000000  0.825000000000  0.188000000000  0.032800000000  0.032400000000  0.448000000000  0.084400000000  0.246000000000  0.131000000000  0.550000000000  0.159000000000  0.292000000000  0.283000000000  0.060100000000  0.039300000000  0.059600000000  0.000000000000  0.078300000000  0.437000000000  0.023000000000  0.081700000000  0.061000000000
Q05FV2      0.566000000000  0.353000000000  0.619000000000  0.433000000000  0.784000000000  0.481000000000  0.092100000000  0.427000000000  0.271000000000  0.122000000000  0.488000000000  0.140000000000  0.921000000000  0.338000000000  0.060100000000  0.098200000000  0.285000000000  0.606000000000  0.560000000000  0.487000000000  0.672000000000  0.289000000000  0.172000000000  0.259000000000  0.044900000000  0.088900000000  0.040400000000  0.078300000000  0.000000000000  0.658000000000  0.171000000000  0.312000000000  0.075000000000
Q05FV3      0.304000000000  0.608000000000  0.592000000000  0.318000000000  0.017200000000  0.257000000000  0.613000000000  0.000143000000  0.665000000000  0.486000000000  0.000145000000  0.455000000000  0.583000000000  0.223000000000  0.329000000000  0.505000000000  0.188000000000  0.729000000000  0.009130000000  0.270000000000  0.727000000000  0.673000000000  0.733000000000  0.315000000000  0.569000000000  0.488000000000  0.503000000000  0.437000000000  0.658000000000  0.000000000000  0.488000000000  0.270000000000  0.553000000000
Q05FX4      0.411000000000  0.009730000000  0.000000000000  0.984000000000  0.990000000000  0.149000000000  0.000001010000  0.980000000000  0.000003680000  0.151000000000  0.994000000000  0.274000000000  0.822000000000  0.000000000000  0.013700000000  0.000615000000  0.404000000000  0.782000000000  0.984000000000  0.245000000000  0.894000000000  0.192000000000  0.000000029800  0.412000000000  0.000058200000  0.000000000067  0.001850000000  0.023000000000  0.171000000000  0.488000000000  0.000000000000  0.000000000000  0.000000004170
Q05FY0      0.308000000000  0.963000000000  0.324000000000  0.204000000000  0.199000000000  0.395000000000  0.981000000000  0.181000000000  0.959000000000  0.397000000000  0.329000000000  0.313000000000  0.945000000000  0.315000000000  0.332000000000  0.938000000000  0.258000000000  0.695000000000  0.032800000000  0.182000000000  0.239000000000  0.498000000000  0.921000000000  0.141000000000  0.903000000000  0.000000000000  0.447000000000  0.081700000000  0.312000000000  0.270000000000  0.000000000000  0.000000000000  0.000000000000
Q05FY4      0.474000000000  0.050200000000  0.000000000000  0.992000000000  0.991000000000  0.140000000000  0.000043700000  0.987000000000  0.000000018200  0.188000000000  0.000000000000  0.402000000000  0.878000000000  0.000000000000  0.013900000000  0.000938000000  0.460000000000  0.845000000000  0.990000000000  0.305000000000  0.902000000000  0.204000000000  0.000000039000  0.474000000000  0.001190000000  0.000000000133  0.002790000000  0.061000000000  0.075000000000  0.553000000000  0.000000004170  0.000000000000  0.000000000000
