46
GPCRRHOBT   0.000000000000000  0.424304694735964  0.205627163210157  0.000000000000000  0.000000000000000  0.032652764594145  0.511005703690980  0.669435194937205  0.667634067273364  0.610998395695586  0.895138705920870  0.876581616579048  0.748493196025112  0.609213237992901  0.828303314436243  0.666065990803569  0.390034328017662  0.106185625271001  0.243841145087257  0.125270085861415  0.715736652220268  0.807540312587924  0.932507707893170  0.858224297824171  0.920572799355798  0.931713210048412  0.857613163450784  0.801951855866691  0.881056875813004  0.802779823484105  0.913166260193118  0.888756755502503  0.873464488031829  0.845071130231502  0.854157373784680  0.905534419781278  0.880838855322640  0.868116357578637  0.896401417551388  0.889877881445550  0.956041574391346  0.899762459193484  0.821826194540961  0.825594688408914  0.971581694779114  0.810906980796083  0.768266004459780  0.938564583706174  0.810906980796083
GPCRCCR2    0.424304694735964  0.000000000000000  0.210225748743259  0.000000000000000  0.000000000000000  0.000000000000000  0.391551113938096  0.144084460590414  0.606293982321564  0.333901417551388  0.834147060903165  0.821438425015881  0.713331235255078  0.597041763507012  0.837479607592565  0.639403057586142  0.631911856893703  0.072397655755953  0.238885504960501  0.040461435632164  0.000000000000000  0.784617689165242  0.928620954044964  0.776859517500150  0.860447241630136  0.923270106670182  0.808247882170511  0.749032957083987  0.813824331191871  0.778522877070565  0.896028733365533  0.895523725214921  0.802779823484105  0.860214249597684  0.807179488596253  0.866790277399677  0.824743728275577  0.781740991980989  0.853144220195746  0.858723271528131  0.948141357212185  0.868046310042681  0.780622404964052  0.749809328030961  0.942448827877977  0.812500000000000  0.749809328030961  0.942448827877977  0.812500000000000
GPCRADRB2   0.205627163210157  0.210225748743259  0.000000000000000  0.096889272065943  0.000000000000000  0.167634067273364  0.605246695671970  0.588226231622702  0.727028580761545  0.657815300439803  0.879261616359135  0.881273159069848  0.776247234280610  0.627088984717934  0.884897655755953  0.685207219461632  0.679290277399677  0.594742115231980  0.528617618545875  0.344907121242368  0.783926589184949  0.805825422066241  0.915461435632164  0.838952867121050  0.916657373784680  0.952220527931722  0.824743728275577  0.818556875813004  0.854907398690007  0.762416067934651  0.920874955408649  0.908217432315141  0.840154985566528  0.860073488322233  0.824570287397154  0.858920320706544  0.827062256899510  0.822772053486527  0.833901417551388  0.825087320270028  0.930686224811856  0.918247818922960  0.781144409611850  0.775620820208206  0.956851885464119  0.859115949698358  0.804871684476824  0.931914025305575  0.965736652220268
GPCRADRA2A  0.000000000000000  0.000000000000000  0.096889272065943  0.000000000000000  0.000000000000000  0.000000000000000  0.492799710246811  0.453754461749067  0.554691328961981  0.463435834248176  0.668522274295833  0.852405578559665  0.740279823484105  0.438824331191871  0.819200623102992  0.610493601001131  0.572585500139686  0.070240727560443  0.583777757177507  0.334751616074570  0.770903359446933  0.801180338412126  0.944621459519177  0.825426617251991  0.869876896049055  0.934940087020068  0.798361652811325  0.776350245429364  0.843644409611850  0.729157373784680  0.871437474585378  0.903712030484952  0.822018021523941  0.833150860834324  0.821826194540961  0.916540123472258  0.857302357706220  0.818556875813004  0.857767241850049  0.843730442663650  0.938037510735120  0.899433444193961  0.749201201869250  0.772131777446713  0.957767653456106  0.764403057586142  0.779086428215526  0.961600392099895  0.955487608120639
GPCROPRM1   0.000000000000000  0.000000000000000  0.000000000000000  0.000000000000000  0.000000000000000  0.000000000000000  0.501064583706174  0.619480634922116  0.626836486105326  0.545113163450784  0.861269832008760  0.805335076251970  0.723807810979726  0.571633002229890  0.779455731941184  0.636720045052279  0.496219953288664  0.095152764594145  0.226710366037046  0.439081616579048  0.763094688408914  0.804179863396094  0.943338855322640  0.794276306258419  0.887416067934651  0.927151293980096  0.830904139135100  0.792350434545031  0.855470560075915  0.799392822752078  0.888592746513369  0.881700623102992  0.805405670323280  0.808024740766045  0.824743728275577  0.879721685087033  0.836822880272783  0.792858858662641  0.858772668093390  0.869213210048412  0.931341145087257  0.822585500139686  0.777359410176274  0.784768906297955  0.970717432315141  0.872854498201257  0.787492692004605  0.952689878042893  0.955347331812986
GPCRCNR1    0.032652764594145  0.000000000000000  0.167634067273364  0.000000000000000  0.000000000000000  0.000000000000000  0.002832686174166  0.154638516504766  0.399211864146171  0.289843108094532  0.786307810979726  0.846889272065943  0.632329455978485  0.600666260193117  0.794645609984077  0.586149868809259  0.665215792280387  0.501064583706174  0.247350455441256  0.051467139323144  0.662011047337242  0.801303624339981  0.903993311811619  0.764562256899510  0.909844200119104  0.938037510735120  0.811589154630188  0.784617689165242  0.820846181773139  0.755619069464962  0.922761008274396  0.897489717646243  0.811868410232423  0.797431993274873  0.846735919086739  0.897842999055681  0.825426617251991  0.776452867121050  0.865627078605611  0.874032957083987  0.921124207895839  0.829344559013620  0.775726231622702  0.802230660718277  0.971735919086739  0.794169861396047  0.838226231622702  0.952220527931722  0.960921771625632
GPCRCRHR1   0.511005703690980  0.391551113938096  0.605246695671970  0.492799710246811  0.501064583706174  0.002832686174166  0.000000000000000  0.000000000000000  0.000000000000000  0.000000000000000  0.878317402717714  0.850996878228525  0.779820078419979  0.623464488031829  0.847117689165242  0.621251134687979  0.716212030484952  0.497942483384031  0.639562256899510  0.385272053486527  0.691528624326682  0.785291629015756  0.935906980796083  0.843034419781278  0.889403057586142  0.943773159069848  0.814336486105326  0.773421771625632  0.852900232888942  0.810559355061334  0.882944049897801  0.916185302666527  0.828303314436243  0.802818627500891  0.849091295594281  0.831851885464119  0.854506116120982  0.807013878533276  0.890344541738384  0.827220527931722  0.922807686540618  0.831314374728999  0.805721091104535  0.750802326544073  0.951092746513369  0.833777757177507  0.788099650576576  0.940087042822389  0.953151250144306
GPCRGCGR    0.669435194937205  0.144084460590414  0.588226231622702  0.453754461749067  0.619480634922116  0.154638516504766  0.000000000000000  0.000000000000000  0.000000000000000  0.000000000000000  0.862155502916198  0.836711864146171  0.807113365773982  0.739451855866691  0.860539881327976  0.748233724430486  0.766104910929324  0.180825422066241  0.725732706750459  0.239371668496352  0.766698233025188  0.820240727560443  0.956984616315985  0.887416067934651  0.938564583706174  0.931713210048412  0.827377881445550  0.827377881445550  0.877832686174166  0.807013878533276  0.915277411841740  0.910658933742619  0.864089132360489  0.884518021523941  0.865045827163238  0.890344541738384  0.887243728275577  0.839258424626799  0.917236146354630  0.885457333421761  0.953604910929324  0.890651250144306  0.814839156121289  0.799655502916198  0.966586428215526  0.852217734175932  0.852343108094532  0.956718502369576  0.956041574391346
GPCRGLP1R   0.667634067273364  0.606293982321564  0.727028580761545  0.554691328961981  0.626836486105326  0.399211864146171  0.000000000000000  0.000000000000000  0.000000000000000  0.000000000000000  0.856239857866703  0.849301982849638  0.787149534398464  0.679799686012544  0.867693334910981  0.736804694735964  0.816056553208530  0.641990100408531  0.758346181773139  0.647489717646243  0.781571873644994  0.860120489901283  0.935906980796083  0.796469360295527  0.895138705920870  0.926911791792822  0.821633002229890  0.828903193108152  0.851258503435860  0.850196523288761  0.912149534398464  0.904910405974615  0.889403057586142  0.839156953835286  0.896028733365533  0.915825782110959  0.913298991044983  0.852467905579287  0.903522877070565  0.868704574207350  0.958023725214921  0.883145860530938  0.819829455978485  0.851838099943920  0.956718502369576  0.868567312700589
GPCRCALCR   0.610998395695586  0.333901417551388  0.657815300439803  0.463435834248176  0.545113163450784  0.289843108094532  0.000000000000000  0.000000000000000  0.000000000000000  0.000000000000000  0.836488460373777  0.846426589184949  0.728804092375242  0.623750210723984  0.832248146591057  0.553127078605611  0.720557293767353  0.538953080649869  0.587802107288746  0.112587731876085  0.731829372560989  0.762587320270028  0.913888376435393  0.819621459519177  0.921469360295527  0.921469360295527  0.808688736028042  0.797900802944525  0.807928544309356  0.775302107288746  0.923904539010393  0.931746782600767  0.838952867121050  0.797573488322233  0.844325157645694  0.846658916467383  0.879261616359135  0.804290277399677  0.894748146591057  0.833777757177507  0.948865224246548  0.849649534398464  0.785291629015756  0.759133002229890  0.957895991308047  0.796223271528131
GPCRCASR    0.895138705920870  0.834147060903165  0.879261616359135  0.668522274295833  0.861269832008760  0.786307810979726  0.878317402717714  0.862155502916198  0.856239857866703  0.836488460373777  0.000000000000000  0.000000000000000  0.273536059816032  0.674038580789555  0.000000000000000  0.897489717646243  0.919223136006121  0.879948827877977  0.888427740502981  0.900408761277122  0.919802357706220  0.936729141557892  0.973085869350940  0.906401694999027  0.920824829069161  0.962802107288746  0.912628749457998  0.935993196025112  0.941992625456633  0.910068836478066  0.976062521320056  0.973878960181982  0.948505703690980  0.923679654500171  0.938564583706174  0.956984616315985  0.961822880272783  0.930755912668155  0.956041574391346  0.961263202606975  0.978685302666527  0.964156953835286  0.919645609984077  0.931409173707125  0.969659234541268  0.935820490849981
GPCRGRM1    0.876581616579048  0.821438425015881  0.881273159069848  0.852405578559665  0.805335076251970  0.846889272065943  0.850996878228525  0.836711864146171  0.849301982849638  0.846426589184949  0.000000000000000  0.000000000000000  0.243255912668155  0.579634865578980  0.000000000000000  0.846889272065943  0.926991860892531  0.867586541048161  0.839660556502137  0.755397489417172  0.892847331812986  0.913032877098575  0.962262459193484  0.935762677398692  0.927388701369227  0.945645860530938  0.938824331191871  0.915583428669509  0.926139118350872  0.907489249610982  0.958023725214921  0.959024517105319  0.925890474733245  0.945035870700366  0.942221685087033  0.947018021523941  0.943119069464962  0.924524480593641  0.949916067934651  0.948505703690980  0.978083428669509  0.959024517105319  0.913298991044983  0.906825157645694  0.977715792280387  0.934579771041707
GPCRGABBR1  0.748493196025112  0.713331235255078  0.776247234280610  0.740279823484105  0.723807810979726  0.632329455978485  0.779820078419979  0.807113365773982  0.787149534398464  0.728804092375242  0.273536059816032  0.243255912668155  0.000000000000000  0.460575991088134  0.000000000000000  0.809850455441256  0.914082028185105  0.747618467104241  0.830627163210157  0.784693403036145  0.857145609984077  0.932179488596253  0.968297524314177  0.930825422066241  0.889720527931722  0.916832305035382  0.890498329147613  0.888427740502981  0.917914766828893  0.867870396237589  0.963540031708643  0.949043214426100  0.897725748743259  0.927111523416030  0.917063806695556  0.942221685087033  0.933875503313895  0.901143830707484  0.934579771041707  0.948324141775767  0.988597835597486  0.915338891834318  0.887757498915995  0.888919779446724  0.959269053940510  0.895138705920870
GPCRGPRC5A  0.609213237992901  0.597041763507012  0.627088984717934  0.438824331191871  0.571633002229890  0.600666260193117  0.623464488031829  0.739451855866691  0.679799686012544  0.623750210723984  0.674038580789555  0.579634865578980  0.460575991088134  0.000000000000000  0.531230442663650  0.685059137233365  0.788431076002071  0.692221685087033  0.809214607617941  0.682113365773982  0.782324743621873  0.797620489901283  0.939588984717934  0.837479607592565  0.900935834248176  0.939588984717934  0.817897489417172  0.836711864146171  0.852530089810651  0.719325157645694  0.924785895825652  0.897251616074570  0.876064583706174  0.822585500139686  0.864048528904722  0.909004252771892  0.889720527931722  0.801015081249487  0.849718513864098  0.861359710915779  0.950257498915995  0.902160556502137  0.798224217555078  0.752088984717934  0.973878960181982  0.866973308471617
GPCRTAS1R1  0.828303314436243  0.837479607592565  0.884897655755953  0.819200623102992  0.779455731941184  0.794645609984077  0.847117689165242  0.860539881327976  0.867693334910981  0.832248146591057  0.000000000000000  0.000000000000000  0.000000000000000  0.531230442663650  0.000000000000000  0.868670323849343  0.872707219461632  0.811448442002363  0.855020969588410  0.792464243538257  0.892278862760828  0.920874955408649  0.855020969588410  0.932832005718728  0.942897489417172  0.972939147884941  0.953754461749067  0.923039881327976  0.925044817392649  0.897370927937528  0.945240727560443  0.954634865578980  0.928241850045610  0.918901908527845  0.927857376122916  0.962908761277122  0.937770085861415  0.933500674732201  0.951256755502503  0.957116701273072  0.990279823484105  0.960107989751100  0.931780313679916  0.918247818922960  0.983173892229149  0.930299710246811
GPCRSTE2    0.666065990803569  0.639403057586142  0.685207219461632  0.610493601001131  0.636720045052279  0.586149868809259  0.621251134687979  0.748233724430486  0.736804694735964  0.553127078605611  0.897489717646243  0.846889272065943  0.809850455441256  0.685059137233365  0.868670323849343  0.000000000000000  0.840544144994067  0.643814374728999  0.731076833922482  0.655446148467324  0.756700623102992  0.768266004459780  0.963435834248176  0.795572799355798  0.905446148467324  0.928771125410687  0.800765293550023  0.801385504960501  0.840832396252940  0.725128749457998  0.898421771625632  0.865240963913948  0.826419779446724  0.787764128317779  0.862928626844926  0.892278862760828  0.830627163210157  0.822018021523941  0.862285895825652  0.868498420772442  0.939081616579048  0.845797148687031  0.767422100059552  0.810266226887303  0.958653530850288  0.826581830107866
GPCRSTE3    0.390034328017662  0.631911856893703  0.679290277399677  0.572585500139686  0.496219953288664  0.665215792280387  0.716212030484952  0.766104910929324  0.816056553208530  0.720557293767353  0.919223136006121  0.926991860892531  0.914082028185105  0.788431076002071  0.872707219461632  0.840544144994067  0.000000000000000  0.713014997831991  0.654638516504766  0.293192593257686  0.777850262704600  0.847568836478066  0.954634865578980  0.878076126416886  0.911093237489827  0.944200623102992  0.848521334387862  0.824570287397154  0.891698233025188  0.862673357830748  0.925932073829692  0.927584966903428  0.887926617251991  0.894218502369576  0.912080379188779  0.917577577335974  0.912696523288761  0.843034419781278  0.905622404964052  0.917293350601554  0.964359517500150  0.921954943998959  0.863967139323144  0.849649534398464  0.970234154175723  0.845396204836865
GPCRcAMPR   0.106185625271001  0.072397655755953  0.594742115231980  0.070240727560443  0.095152764594145  0.501064583706174  0.497942483384031  0.180825422066241  0.641990100408531  0.538953080649869  0.879948827877977  0.867586541048161  0.747618467104241  0.692221685087033  0.811448442002363  0.643814374728999  0.713014997831991  0.000000000000000  0.332509142881941  0.000000000000000  0.687770085861415  0.834751616074570  0.945240727560443  0.808844464539650  0.899979607592565  0.937500000000000  0.768404139135100  0.791006137625802  0.904547278082326  0.803808538793756  0.881487732559747  0.872140156839958  0.846192256174549  0.816761616359135  0.865357376122916  0.908692256174549  0.849924406672695  0.818556875813004  0.888427740502981  0.921024781392290  0.954198233025188  0.893404139135100  0.783926589184949  0.838952867121050  0.968384662126153  0.854098811938622
GPCRFZD4    0.243841145087257  0.238885504960501  0.528617618545875  0.583777757177507  0.226710366037046  0.247350455441256  0.639562256899510  0.725732706750459  0.758346181773139  0.587802107288746  0.888427740502981  0.839660556502137  0.830627163210157  0.809214607617941  0.855020969588410  0.731076833922482  0.654638516504766  0.332509142881941  0.000000000000000  0.000000000000000  0.424038580789555  0.882740727560443  0.955487608120639  0.854098811938622  0.918081803695226  0.942221685087033  0.871437474585378  0.852280493522085  0.908297148687031  0.849161706541985  0.901040031708643  0.910143304028530  0.889403057586142  0.878076126416886  0.913099650576576  0.919854406437641  0.889720527931722  0.897842999055681  0.947208502341566  0.934091786570739  0.973231801988043  0.910143304028530  0.857458205436483  0.870524740766045  0.980802932454827  0.813564583706174
GPCRFZD7    0.125270085861415  0.040461435632164  0.344907121242368  0.334751616074570  0.439081616579048  0.051467139323144  0.385272053486527  0.239371668496352  0.647489717646243  0.112587731876085  0.900408761277122  0.755397489417172  0.784693403036145  0.682113365773982  0.792464243538257  0.655446148467324  0.293192593257686  0.000000000000000  0.000000000000000  0.000000000000000  0.540154032515133  0.848449240307979  0.951092746513369  0.854390365817133  0.896647060903165  0.959870927937528  0.831041574391346  0.786307810979726  0.843471521096653  0.801629675168802  0.893949753588781  0.864371668496352  0.824220045052279  0.874032957083987  0.860167410232965  0.916006137625802  0.880619069464962  0.863721495971367  0.918026238875169  0.889720527931722  0.954490100408531  0.868909173707125  0.808906506635505  0.820035870700366  0.976774308128144  0.821633002229890
GPCRSMO     0.715736652220268  0.000000000000000  0.783926589184949  0.770903359446933  0.763094688408914  0.662011047337242  0.691528624326682  0.766698233025188  0.781571873644994  0.731829372560989  0.919802357706220  0.892847331812986  0.857145609984077  0.782324743621873  0.892278862760828  0.756700623102992  0.777850262704600  0.687770085861415  0.424038580789555  0.540154032515133  0.000000000000000  0.855246695671970  0.966586428215526  0.832248146591057  0.884326194540961  0.928469947229237  0.838952867121050  0.871591786570739  0.899211864146171  0.869414025305575  0.877587042822389  0.889403057586142  0.908848702746661  0.881911856893703  0.901758424626799  0.949743728275577  0.910804475137530  0.880838855322640  0.950257498915995  0.917407398690007  0.965350262704600  0.912965938950917  0.891104910929324  0.868670323849343  0.986089176399332  0.811107725330553
TSGGPS1     0.807540312587924  0.784617689165242  0.805825422066241  0.801180338412126  0.804179863396094  0.801303624339981  0.785291629015756  0.820240727560443  0.860120489901283  0.762587320270028  0.936729141557892  0.913032877098575  0.932179488596253  0.797620489901283  0.920874955408649  0.768266004459780  0.847568836478066  0.834751616074570  0.882740727560443  0.848449240307979  0.855246695671970  0.000000000000000  0.926629675168802  0.704778862760828  0.811951629730781  0.923679654500171  0.734067174473879  0.000000000000000  0.894484616315985  0.040461435632164  0.916363292846079  0.928394127612568  0.798859710915779  0.838331235255078  0.850331565383819  0.898191741391984  0.816293615022101  0.839359517500150  0.856987951815074  0.878076126416886  0.916304092375242  0.883938425015881  0.785143304028530  0.848012607754187  0.951092746513369  0.861043823999276
TSispU      0.932507707893170  0.928620954044964  0.915461435632164  0.944621459519177  0.943338855322640  0.903993311811619  0.935906980796083  0.956984616315985  0.935906980796083  0.913888376435393  0.973085869350940  0.962262459193484  0.968297524314177  0.939588984717934  0.855020969588410  0.963435834248176  0.954634865578980  0.945240727560443  0.955487608120639  0.951092746513369  0.966586428215526  0.926629675168802  0.000000000000000  0.930686224811856  0.970396204836865  0.989967377960887  0.914274308128144  0.930193334910981  0.903712030484952  0.913365113867254  0.985632205924194  0.988139532374693  0.929363637998708  0.930755912668155  0.943119069464962  0.963435834248176  0.925973609270267  0.924915665340329  0.934760526904710  0.941293615022101  0.298361652811325  0.000000000000000  0.910731801988043  0.944411856893703  0.909235919086739  0.959147060903165
TSAri1      0.858224297824171  0.776859517500150  0.838952867121050  0.825426617251991  0.794276306258419  0.764562256899510  0.843034419781278  0.887416067934651  0.796469360295527  0.819621459519177  0.906401694999027  0.935762677398692  0.930825422066241  0.837479607592565  0.932832005718728  0.795572799355798  0.878076126416886  0.808844464539650  0.854098811938622  0.854390365817133  0.832248146591057  0.704778862760828  0.930686224811856  0.000000000000000  0.671906774678209  0.952534328017662  0.722041763507012  0.756056875813004  0.837371250542002  0.684397803398508  0.937391208651481  0.924699036855152  0.815332686174166  0.843558103004576  0.841117618545875  0.871958594924745  0.823505703690980  0.808937474585378  0.872766226887303  0.870684314447970  0.953754461749067  0.880838855322640  0.810530184284621  0.849580379188779  0.955064585452983  0.856455711132416
TSTDC1      0.920572799355798  0.860447241630136  0.916657373784680  0.869876896049055  0.887416067934651  0.909844200119104  0.889403057586142  0.938564583706174  0.895138705920870  0.921469360295527  0.920824829069161  0.927388701369227  0.889720527931722  0.900935834248176  0.942897489417172  0.905446148467324  0.911093237489827  0.899979607592565  0.918081803695226  0.896647060903165  0.884326194540961  0.811951629730781  0.970396204836865  0.671906774678209  0.000000000000000  0.853981307836853  0.943119069464962  0.816528624326682  0.920369477018441  0.873920211729284  0.865163077475660  0.895138705920870  0.924216279657401  0.938824331191871  0.926303624339981  0.932047081479458  0.938824331191871  0.929546176717042  0.915946152175711  0.952844541738384  0.991420470519873  0.958777757177507  0.900302107288746  0.915092131906506  0.972117689165242  0.869580243860026
TSLSS       0.931713210048412  0.923270106670182  0.952220527931722  0.934940087020068  0.927151293980096  0.938037510735120  0.943773159069848  0.931713210048412  0.926911791792822  0.921469360295527  0.962802107288746  0.945645860530938  0.916832305035382  0.939588984717934  0.972939147884941  0.928771125410687  0.944200623102992  0.937500000000000  0.942221685087033  0.959870927937528  0.928469947229237  0.923679654500171  0.989967377960887  0.952534328017662  0.853981307836853  0.000000000000000  0.921615949698358  0.939081616579048  0.937363942546608  0.929943492468755  0.900620820208206  0.916657373784680  0.955206326793972  0.963643830707484  0.952689878042893  0.975798991044983  0.975931076002071  0.959269053940510  0.974231935313682  0.966586428215526  0.987716069728026  0.962695032573489  0.963120820208206  0.946826194540961  0.981347999065995  0.891104910929324
TSFDFT1     0.857613163450784  0.808247882170511  0.824743728275577  0.798361652811325  0.830904139135100  0.811589154630188  0.814336486105326  0.827377881445550  0.821633002229890  0.808688736028042  0.912628749457998  0.938824331191871  0.890498329147613  0.817897489417172  0.953754461749067  0.800765293550023  0.848521334387862  0.768404139135100  0.871437474585378  0.831041574391346  0.838952867121050  0.734067174473879  0.914274308128144  0.722041763507012  0.943119069464962  0.921615949698358  0.000000000000000  0.773876065160929  0.898075991088134  0.735026405213951  0.922194516649692  0.918247818922960  0.860770106670182  0.865357376122916  0.849441537939156  0.893541574391346  0.837153230051639  0.843034419781278  0.863680338412126  0.885085500139686  0.947018021523941  0.869078503046778  0.818119069464962  0.855912824933348  0.941761616359135  0.803318095615742
TSFDPS      0.801951855866691  0.749032957083987  0.818556875813004  0.776350245429364  0.792350434545031  0.784617689165242  0.773421771625632  0.827377881445550  0.828903193108152  0.797900802944525  0.935993196025112  0.915583428669509  0.888427740502981  0.836711864146171  0.923039881327976  0.801385504960501  0.824570287397154  0.791006137625802  0.852280493522085  0.786307810979726  0.871591786570739  0.000000000000000  0.930193334910981  0.756056875813004  0.816528624326682  0.939081616579048  0.773876065160929  0.000000000000000  0.854964243538257  0.226453080649869  0.883938425015881  0.904086428215526  0.850532877098575  0.874672309036727  0.864571694494549  0.873204740546132  0.850398835319413  0.871622543973598  0.874145236065673  0.857145609984077  0.938037510735120  0.901350245429364  0.782159234541268  0.836600392099895  0.917006116120982  0.801831485801939
TSpgpB      0.881056875813004  0.813824331191871  0.854907398690007  0.843644409611850  0.855470560075915  0.820846181773139  0.852900232888942  0.877832686174166  0.851258503435860  0.807928544309356  0.941992625456633  0.926139118350872  0.917914766828893  0.852530089810651  0.925044817392649  0.840832396252940  0.891698233025188  0.904547278082326  0.908297148687031  0.843471521096653  0.899211864146171  0.894484616315985  0.903712030484952  0.837371250542002  0.920369477018441  0.937363942546608  0.898075991088134  0.854964243538257  0.000000000000000  0.836488460373777  0.949570287397154  0.951092746513369  0.822585500139686  0.837695032573489  0.857971328564285  0.885824141775767  0.834511407381960  0.780884662126153  0.851646272960940  0.867905670323280  0.924480665563757  0.888094688408914  0.706314374728999  0.839156953835286  0.943338855322640  0.880619069464962
TSgdS2      0.802779823484105  0.778522877070565  0.762416067934651  0.729157373784680  0.799392822752078  0.755619069464962  0.810559355061334  0.807013878533276  0.850196523288761  0.775302107288746  0.910068836478066  0.907489249610982  0.867870396237589  0.719325157645694  0.897370927937528  0.725128749457998  0.862673357830748  0.803808538793756  0.849161706541985  0.801629675168802  0.869414025305575  0.040461435632164  0.913365113867254  0.684397803398508  0.873920211729284  0.929943492468755  0.735026405213951  0.226453080649869  0.836488460373777  0.000000000000000  0.906316203888609  0.912696523288761  0.798224217555078  0.831314374728999  0.866753522613940  0.875000000000000  0.798407310358034  0.776960235259937  0.850599650576576  0.882121459519177  0.929655113606217  0.903617618545875  0.769878958435173  0.775195032573489  0.942674085644778  0.812770085861415
NRLOAF1     0.913166260193118  0.896028733365533  0.920874955408649  0.871437474585378  0.888592746513369  0.922761008274396  0.882944049897801  0.915277411841740  0.912149534398464  0.923904539010393  0.976062521320056  0.958023725214921  0.963540031708643  0.924785895825652  0.945240727560443  0.898421771625632  0.925932073829692  0.881487732559747  0.901040031708643  0.893949753588781  0.877587042822389  0.916363292846079  0.985632205924194  0.937391208651481  0.865163077475660  0.900620820208206  0.922194516649692  0.883938425015881  0.949570287397154  0.906316203888609  0.000000000000000  0.065332686174166  0.954198233025188  0.934640156839958  0.962262459193484  0.948865224246548  0.955347331812986  0.953151250144306  0.963120820208206  0.978981307836853  0.992335709116861  0.945035870700366  0.873920211729284  0.917690439889928  0.985167410232965  0.909693403036145
NRLPIP2     0.888756755502503  0.895523725214921  0.908217432315141  0.903712030484952  0.881700623102992  0.897489717646243  0.916185302666527  0.910658933742619  0.904910405974615  0.931746782600767  0.973878960181982  0.959024517105319  0.949043214426100  0.897251616074570  0.954634865578980  0.865240963913948  0.927584966903428  0.872140156839958  0.910143304028530  0.864371668496352  0.889403057586142  0.928394127612568  0.988139532374693  0.924699036855152  0.895138705920870  0.916657373784680  0.918247818922960  0.904086428215526  0.951092746513369  0.912696523288761  0.065332686174166  0.000000000000000  0.952377881445550  0.941992625456633  0.954051113938096  0.958023725214921  0.959511407381960  0.936561070400968  0.961149868809259  0.968901694999027  0.993875180709421  0.942221685087033  0.930894753917777  0.933152474672919  0.993221091104535  0.874201201869250
NRNR5A2     0.873464488031829  0.802779823484105  0.840154985566528  0.822018021523941  0.805405670323280  0.811868410232423  0.828303314436243  0.864089132360489  0.889403057586142  0.838952867121050  0.948505703690980  0.925890474733245  0.897725748743259  0.876064583706174  0.928241850045610  0.826419779446724  0.887926617251991  0.846192256174549  0.889403057586142  0.824220045052279  0.908848702746661  0.798859710915779  0.929363637998708  0.815332686174166  0.924216279657401  0.955206326793972  0.860770106670182  0.850532877098575  0.822585500139686  0.798224217555078  0.954198233025188  0.952377881445550  0.000000000000000  0.116973308471617  0.244447350546249  0.116973308471617  0.521153530850288  0.193556875813004  0.472344200119104  0.275302107288746  0.936079138276706  0.885641357212185  0.794487951815074  0.854621374914631  0.956984616315985  0.863844595525298
NRESR1      0.845071130231502  0.860214249597684  0.860073488322233  0.833150860834324  0.808024740766045  0.797431993274873  0.802818627500891  0.884518021523941  0.839156953835286  0.797573488322233  0.923679654500171  0.945035870700366  0.927111523416030  0.822585500139686  0.918901908527845  0.787764128317779  0.894218502369576  0.816761616359135  0.878076126416886  0.874032957083987  0.881911856893703  0.838331235255078  0.930755912668155  0.843558103004576  0.938824331191871  0.963643830707484  0.865357376122916  0.874672309036727  0.837695032573489  0.831314374728999  0.934640156839958  0.941992625456633  0.116973308471617  0.000000000000000  0.021647060903165  0.032652764594145  0.188824331191871  0.002832686174166  0.133938425015881  0.149979607592565  0.932507707893170  0.866826982483186  0.775831235255078  0.890498329147613  0.947585500139686  0.896153530850288
NRVDR       0.854157373784680  0.807179488596253  0.824570287397154  0.821826194540961  0.824743728275577  0.846735919086739  0.849091295594281  0.865045827163238  0.896028733365533  0.844325157645694  0.938564583706174  0.942221685087033  0.917063806695556  0.864048528904722  0.927857376122916  0.862928626844926  0.912080379188779  0.865357376122916  0.913099650576576  0.860167410232965  0.901758424626799  0.850331565383819  0.943119069464962  0.841117618545875  0.926303624339981  0.952689878042893  0.849441537939156  0.864571694494549  0.857971328564285  0.866753522613940  0.962262459193484  0.954051113938096  0.244447350546249  0.021647060903165  0.000000000000000  0.101582028185105  0.032652764594145  0.000000000000000  0.169116482017745  0.184760526904710  0.956178317275607  0.859598941180807  0.837371250542002  0.838014997831991  0.943773159069848  0.890954531568957
NRRXRA      0.905534419781278  0.866790277399677  0.858920320706544  0.916540123472258  0.879721685087033  0.897842999055681  0.831851885464119  0.890344541738384  0.915825782110959  0.846658916467383  0.956984616315985  0.947018021523941  0.942221685087033  0.909004252771892  0.962908761277122  0.892278862760828  0.917577577335974  0.908692256174549  0.919854406437641  0.916006137625802  0.949743728275577  0.898191741391984  0.963435834248176  0.871958594924745  0.932047081479458  0.975798991044983  0.893541574391346  0.873204740546132  0.885824141775767  0.875000000000000  0.948865224246548  0.958023725214921  0.116973308471617  0.032652764594145  0.101582028185105  0.000000000000000  0.306067312700589  0.144748146591057  0.055651313675057  0.108474931231136  0.966493311811619  0.911731935313682  0.844989249610982  0.916185302666527  0.964760165440047  0.929473308471617
NRDAF12     0.880838855322640  0.824743728275577  0.827062256899510  0.857302357706220  0.836822880272783  0.825426617251991  0.854506116120982  0.887243728275577  0.913298991044983  0.879261616359135  0.961822880272783  0.943119069464962  0.933875503313895  0.889720527931722  0.937770085861415  0.830627163210157  0.912696523288761  0.849924406672695  0.889720527931722  0.880619069464962  0.910804475137530  0.816293615022101  0.925973609270267  0.823505703690980  0.938824331191871  0.975931076002071  0.837153230051639  0.850398835319413  0.834511407381960  0.798407310358034  0.955347331812986  0.959511407381960  0.521153530850288  0.188824331191871  0.032652764594145  0.306067312700589  0.000000000000000  0.032652764594145  0.312770085861415  0.345071130231502  0.961711864146171  0.864849277389719  0.828754461749067  0.852467905579287  0.952377881445550  0.897842999055681
NREcR       0.868116357578637  0.781740991980989  0.822772053486527  0.818556875813004  0.792858858662641  0.776452867121050  0.807013878533276  0.839258424626799  0.852467905579287  0.804290277399677  0.930755912668155  0.924524480593641  0.901143830707484  0.801015081249487  0.933500674732201  0.822018021523941  0.843034419781278  0.818556875813004  0.897842999055681  0.863721495971367  0.880838855322640  0.839359517500150  0.924915665340329  0.808937474585378  0.929546176717042  0.959269053940510  0.843034419781278  0.871622543973598  0.780884662126153  0.776960235259937  0.953151250144306  0.936561070400968  0.193556875813004  0.002832686174166  0.000000000000000  0.144748146591057  0.032652764594145  0.000000000000000  0.200257498915995  0.210107989751100  0.943987732559747  0.839055102289442  0.852217734175932  0.814081616579048  0.961711864146171  0.861583114688173
NRNHRRXR    0.896401417551388  0.853144220195746  0.833901417551388  0.857767241850049  0.858772668093390  0.865627078605611  0.890344541738384  0.917236146354630  0.903522877070565  0.894748146591057  0.956041574391346  0.949916067934651  0.934579771041707  0.849718513864098  0.951256755502503  0.862285895825652  0.905622404964052  0.888427740502981  0.947208502341566  0.918026238875169  0.950257498915995  0.856987951815074  0.934760526904710  0.872766226887303  0.915946152175711  0.974231935313682  0.863680338412126  0.874145236065673  0.851646272960940  0.850599650576576  0.963120820208206  0.961149868809259  0.472344200119104  0.133938425015881  0.169116482017745  0.055651313675057  0.312770085861415  0.200257498915995  0.000000000000000  0.000000000000000  0.954490100408531  0.910804475137530  0.844742115231980  0.896769053940510  0.971735919086739  0.914274308128144
NRUSPBT     0.889877881445550  0.858723271528131  0.825087320270028  0.843730442663650  0.869213210048412  0.874032957083987  0.827220527931722  0.885457333421761  0.868704574207350  0.833777757177507  0.961263202606975  0.948505703690980  0.948324141775767  0.861359710915779  0.957116701273072  0.868498420772442  0.917293350601554  0.921024781392290  0.934091786570739  0.889720527931722  0.917407398690007  0.878076126416886  0.941293615022101  0.870684314447970  0.952844541738384  0.966586428215526  0.885085500139686  0.857145609984077  0.867905670323280  0.882121459519177  0.978981307836853  0.968901694999027  0.275302107288746  0.149979607592565  0.184760526904710  0.108474931231136  0.345071130231502  0.210107989751100  0.000000000000000  0.000000000000000  0.956984616315985  0.903617618545875  0.828151250144306  0.889403057586142  0.955904139135100  0.915338891834318
DOLNUS1SC   0.956041574391346  0.948141357212185  0.930686224811856  0.938037510735120  0.931341145087257  0.921124207895839  0.922807686540618  0.953604910929324  0.958023725214921  0.948865224246548  0.978685302666527  0.978083428669509  0.988597835597486  0.950257498915995  0.990279823484105  0.939081616579048  0.964359517500150  0.954198233025188  0.973231801988043  0.954490100408531  0.965350262704600  0.916304092375242  0.298361652811325  0.953754461749067  0.991420470519873  0.987716069728026  0.947018021523941  0.938037510735120  0.924480665563757  0.929655113606217  0.992335709116861  0.993875180709421  0.936079138276706  0.932507707893170  0.956178317275607  0.966493311811619  0.961711864146171  0.943987732559747  0.954490100408531  0.956984616315985  0.000000000000000  0.696438425015881  0.925932073829692  0.955064585452983  0.933594868251084  0.964156953835286
DOLDHDDS    0.899762459193484  0.868046310042681  0.918247818922960  0.899433444193961  0.822585500139686  0.829344559013620  0.831314374728999  0.890651250144306  0.883145860530938  0.849649534398464  0.964156953835286  0.959024517105319  0.915338891834318  0.902160556502137  0.960107989751100  0.845797148687031  0.921954943998959  0.893404139135100  0.910143304028530  0.868909173707125  0.912965938950917  0.883938425015881  0.000000000000000  0.880838855322640  0.958777757177507  0.962695032573489  0.869078503046778  0.901350245429364  0.888094688408914  0.903617618545875  0.945035870700366  0.942221685087033  0.885641357212185  0.866826982483186  0.859598941180807  0.911731935313682  0.864849277389719  0.839055102289442  0.910804475137530  0.903617618545875  0.696438425015881  0.000000000000000  0.870235122551794  0.861936779693051  0.925343803634900  0.901656953835286
DOLDOLPP1   0.821826194540961  0.780622404964052  0.781144409611850  0.749201201869250  0.777359410176274  0.775726231622702  0.805721091104535  0.814839156121289  0.819829455978485  0.785291629015756  0.919645609984077  0.913298991044983  0.887757498915995  0.798224217555078  0.931780313679916  0.767422100059552  0.863967139323144  0.783926589184949  0.857458205436483  0.808906506635505  0.891104910929324  0.785143304028530  0.910731801988043  0.810530184284621  0.900302107288746  0.963120820208206  0.818119069464962  0.782159234541268  0.706314374728999  0.769878958435173  0.873920211729284  0.930894753917777  0.794487951815074  0.775831235255078  0.837371250542002  0.844989249610982  0.828754461749067  0.852217734175932  0.844742115231980  0.828151250144306  0.925932073829692  0.870235122551794  0.000000000000000  0.811923918237696  0.939081616579048  0.855134067273364
DOLSRD5A3   0.825594688408914  0.749809328030961  0.775620820208206  0.772131777446713  0.784768906297955  0.802230660718277  0.750802326544073  0.799655502916198  0.851838099943920  0.759133002229890  0.931409173707125  0.906825157645694  0.888919779446724  0.752088984717934  0.918247818922960  0.810266226887303  0.849649534398464  0.838952867121050  0.870524740766045  0.820035870700366  0.868670323849343  0.848012607754187  0.944411856893703  0.849580379188779  0.915092131906506  0.946826194540961  0.855912824933348  0.836600392099895  0.839156953835286  0.775195032573489  0.917690439889928  0.933152474672919  0.854621374914631  0.890498329147613  0.838014997831991  0.916185302666527  0.852467905579287  0.814081616579048  0.896769053940510  0.889403057586142  0.955064585452983  0.861936779693051  0.811923918237696  0.000000000000000  0.953303314436243  0.858173892229149
